320
1 19 1.000000 -1.679688 -3.439915 2.746094
1 19 1.000000 -1.679688 -1.603825 2.746094
1 19 1.000000 -1.679688 -1.603825 -8.517578
1 19 1.000000 -1.679688 -3.439915 -8.517578
1 19 1.000000 -1.679688 -1.603825 2.746094
1 18 1.000000 -1.679688 -14.098724 2.524414
1 18 1.000000 -1.679688 -14.098724 -2.486328
1 18 1.000000 -1.679688 -14.098724 2.524414
1 18 1.000000 -2.949219 -13.901737 2.694336
1 18 1.000000 -2.949219 -13.901737 -2.656250
1 18 1.000000 -1.679688 -14.098724 -2.486328
1 18 1.000000 3.546875 -13.901737 2.694336
1 18 1.000000 2.218750 -14.098724 2.524414
1 18 1.000000 2.218750 -14.098724 -2.486328
1 18 1.000000 3.546875 -13.901737 -2.656250
1 18 1.000000 2.218750 -14.098724 2.524414
1 19 1.000000 2.218750 -1.603825 2.746094
1 18 1.000000 2.218750 -14.098724 -2.486328
1 19 1.000000 2.218750 -1.603825 2.746094
1 19 1.000000 2.218750 -3.439915 2.746094
1 19 1.000000 2.218750 -3.439915 -8.517578
1 19 1.000000 2.218750 -1.603825 -8.517578
1 19 1.000000 2.218750 -3.439915 2.746094
1 19 1.000000 -1.679688 -3.439915 2.746094
1 19 1.000000 -1.679688 -3.439915 -8.517578
1 19 1.000000 2.218750 -3.439915 -8.517578
1 19 1.000000 -1.679688 -3.439915 -8.517578
1 19 1.000000 -1.679688 -1.603825 -8.517578
1 19 1.000000 2.218750 -1.603825 -8.517578
1 19 1.000000 2.218750 -3.439915 -8.517578
1 18 1.000000 -1.679688 -14.098724 -2.486328
1 18 1.000000 2.218750 -14.098724 -2.486328
1 18 1.000000 -1.679688 -14.098724 -2.486328
1 18 1.000000 -2.949219 -13.901737 -2.656250
1 18 1.000000 3.546875 -13.901737 -2.656250
1 18 1.000000 2.218750 -14.098724 -2.486328
1 19 1.000000 2.218750 -3.439915 2.746094
1 19 1.000000 2.218750 -1.603825 2.746094
1 19 1.000000 -1.679688 -1.603825 2.746094
1 19 1.000000 -1.679688 -3.439915 2.746094
1 18 1.000000 2.218750 -14.098724 2.524414
1 18 1.000000 -1.679688 -14.098724 2.524414
1 18 1.000000 2.218750 -14.098724 2.524414
1 18 1.000000 3.546875 -13.901737 2.694336
1 18 1.000000 -2.949219 -13.901737 2.694336
1 18 1.000000 -1.679688 -14.098724 2.524414
1 19 1.000000 -1.679688 -1.603825 2.746094
1 18 1.000000 -1.679688 -14.098724 -2.486328
1 19 1.000000 -1.679688 -1.603825 -8.517578
1 19 1.000000 2.218750 -1.603825 2.746094
1 19 1.000000 2.218750 -1.603825 -8.517578
1 18 1.000000 2.218750 -14.098724 -2.486328
1 16 1.000000 -2.109375 -3.439915 2.746094
1 16 1.000000 -2.109375 -1.603825 2.746094
1 16 1.000000 -2.109375 -1.603825 -8.517578
1 16 1.000000 -2.109375 -3.439915 -8.517578
1 16 1.000000 -2.109375 -1.603825 2.746094
1 15 1.000000 -2.109375 -14.098724 2.524414
1 15 1.000000 -2.109375 -14.098724 -2.486328
1 15 1.000000 -2.109375 -14.098724 2.524414
1 15 1.000000 -3.446289 -13.901737 2.694336
1 15 1.000000 -3.446289 -13.901737 -2.656250
1 15 1.000000 -2.109375 -14.098724 -2.486328
1 15 1.000000 3.050781 -13.901737 2.694336
1 15 1.000000 1.789063 -14.098724 2.524414
1 15 1.000000 1.789063 -14.098724 -2.486328
1 15 1.000000 3.050781 -13.901737 -2.656250
1 15 1.000000 1.789063 -14.098724 2.524414
1 16 1.000000 1.789063 -1.603825 2.746094
1 15 1.000000 1.789063 -14.098724 -2.486328
1 16 1.000000 1.789063 -1.603825 2.746094
1 16 1.000000 1.789063 -3.439915 2.746094
1 16 1.000000 1.789063 -3.439915 -8.517578
1 16 1.000000 1.789063 -1.603825 -8.517578
1 16 1.000000 1.789063 -3.439915 2.746094
1 16 1.000000 -2.109375 -3.439915 2.746094
1 16 1.000000 -2.109375 -3.439915 -8.517578
1 16 1.000000 1.789063 -3.439915 -8.517578
1 16 1.000000 -2.109375 -3.439915 -8.517578
1 16 1.000000 -2.109375 -1.603825 -8.517578
1 16 1.000000 1.789063 -1.603825 -8.517578
1 16 1.000000 1.789063 -3.439915 -8.517578
1 15 1.000000 -2.109375 -14.098724 -2.486328
1 15 1.000000 1.789063 -14.098724 -2.486328
1 15 1.000000 -2.109375 -14.098724 -2.486328
1 15 1.000000 -3.446289 -13.901737 -2.656250
1 15 1.000000 3.050781 -13.901737 -2.656250
1 15 1.000000 1.789063 -14.098724 -2.486328
1 16 1.000000 1.789063 -3.439915 2.746094
1 16 1.000000 1.789063 -1.603825 2.746094
1 16 1.000000 -2.109375 -1.603825 2.746094
1 16 1.000000 -2.109375 -3.439915 2.746094
1 15 1.000000 1.789063 -14.098724 2.524414
1 15 1.000000 -2.109375 -14.098724 2.524414
1 15 1.000000 1.789063 -14.098724 2.524414
1 15 1.000000 3.050781 -13.901737 2.694336
1 15 1.000000 -3.446289 -13.901737 2.694336
1 15 1.000000 -2.109375 -14.098724 2.524414
1 16 1.000000 -2.109375 -1.603825 2.746094
1 15 1.000000 -2.109375 -14.098724 -2.486328
1 16 1.000000 -2.109375 -1.603825 -8.517578
1 16 1.000000 1.789063 -1.603825 2.746094
1 16 1.000000 1.789063 -1.603825 -8.517578
1 15 1.000000 1.789063 -14.098724 -2.486328
1 17 1.000000 -2.949219 -11.265268 3.250000
1 17 1.000000 -2.949219 -11.265268 -3.211914
1 17 1.000000 -2.949219 -13.539988 -2.933594
1 0 1.000000 -8.987305 -4.944229 4.519531
1 0 1.000000 -8.987305 -4.944229 -4.480469
1 0 1.000000 0.012695 -4.944229 4.519531
1 17 1.000000 3.546875 -11.265268 3.250000
1 17 1.000000 3.546875 -11.265268 -3.211914
1 0 1.000000 0.012695 -4.944229 -4.480469
1 17 1.000000 3.546875 -11.265268 3.250000
1 17 1.000000 3.546875 -13.539988 -2.933594
1 17 1.000000 3.546875 -11.265268 -3.211914
1 17 1.000000 3.546875 -11.265268 -3.211914
1 17 1.000000 3.546875 -13.539988 -2.933594
1 0 1.000000 0.012695 -4.944229 -4.480469
1 18 1.000000 3.546875 -13.901737 2.694336
1 17 1.000000 3.546875 -11.265268 3.250000
1 18 1.000000 -2.949219 -13.901737 2.694336
1 0 1.000000 0.012695 -4.944229 4.519531
1 14 1.000000 3.050781 -13.539988 -2.933594
1 14 1.000000 3.050781 -11.265268 -3.211914
1 14 1.000000 3.050781 -11.265268 3.250000
1 0 1.000000 9.012695 -4.944229 -4.480469
1 0 1.000000 9.012695 -4.944229 4.519531
1 0 1.000000 0.012695 -4.944229 4.519531
1 0 1.000000 0.012695 -4.944229 -4.480469
1 14 1.000000 -3.446289 -11.265268 -3.211914
1 14 1.000000 -3.446289 -11.265268 3.250000
1 14 1.000000 -3.446289 -11.265268 3.250000
1 14 1.000000 -3.446289 -11.265268 -3.211914
1 14 1.000000 -3.446289 -13.539988 -2.933594
1 14 1.000000 -3.446289 -13.539988 -2.933594
1 14 1.000000 -3.446289 -11.265268 -3.211914
1 0 1.000000 0.012695 -4.944229 -4.480469
1 15 1.000000 -3.446289 -13.901737 2.694336
1 15 1.000000 3.050781 -13.901737 2.694336
1 14 1.000000 -3.446289 -11.265268 3.250000
1 0 1.000000 0.012695 -4.944229 4.519531
1 0 1.000000 -8.987305 -4.944229 4.519531
1 0 1.000000 -8.987305 4.055771 4.519531
1 0 1.000000 -8.987305 4.055771 -4.480469
1 0 1.000000 -8.987305 -4.944229 -4.480469
1 2 1.000000 -8.987305 3.063019 4.519531
1 2 1.000000 -8.987305 3.063019 -4.480469
1 2 1.000000 -8.987305 9.555771 4.519531
1 2 1.000000 -4.487305 10.870972 4.519531
1 2 1.000000 -4.487305 10.870972 -4.480469
1 2 1.000000 -8.987305 9.555771 -4.480469
1 2 1.000000 9.012695 3.063019 4.519531
1 0 1.000000 9.012695 4.055771 4.519531
1 0 1.000000 9.012695 4.055771 -4.480469
1 2 1.000000 9.012695 3.063019 -4.480469
1 0 1.000000 9.012695 -4.944229 4.519531
1 0 1.000000 9.012695 -4.944229 -4.480469
1 0 1.000000 9.012695 -4.944229 -4.480469
1 0 1.000000 0.012695 -4.944229 -4.480469
1 0 1.000000 9.012695 4.055771 -4.480469
1 0 1.000000 0.012695 4.055771 -4.480469
1 2 1.000000 9.012695 3.063019 -4.480469
1 2 1.000000 9.012695 9.555771 -4.480469
1 2 1.000000 4.512695 10.870972 -4.480469
1 2 1.000000 -4.487305 10.870972 -4.480469
1 2 1.000000 -8.987305 9.555771 -4.480469
1 0 1.000000 0.012695 -4.944229 4.519531
1 0 1.000000 0.012695 4.055771 4.519531
1 0 1.000000 9.012695 4.055771 4.519531
1 0 1.000000 9.012695 -4.944229 4.519531
1 2 1.000000 9.012695 3.063019 4.519531
1 2 1.000000 -8.987305 9.555771 4.519531
1 2 1.000000 -4.487305 10.870972 4.519531
1 2 1.000000 4.512695 10.870972 4.519531
1 2 1.000000 9.012695 9.555771 4.519531
1 2 1.000000 4.512695 10.870972 4.519531
1 2 1.000000 9.012695 9.555771 4.519531
1 2 1.000000 9.012695 9.555771 -4.480469
1 2 1.000000 4.512695 10.870972 -4.480469
1 2 1.000000 -4.487305 10.870972 4.519531
1 3 1.000000 -4.487305 7.445831 4.519531
1 3 1.000000 -4.487305 7.445831 -4.480469
1 2 1.000000 -4.487305 10.870972 -4.480469
1 3 1.000000 -4.487305 7.445831 4.519531
1 3 1.000000 4.512695 7.445831 4.519531
1 3 1.000000 4.512695 7.445831 -4.480469
1 3 1.000000 -4.487305 7.445831 -4.480469
1 3 1.000000 4.512695 7.445831 4.519531
1 2 1.000000 4.512695 10.870972 4.519531
1 2 1.000000 4.512695 10.870972 -4.480469
1 3 1.000000 4.512695 7.445831 -4.480469
1 2 1.000000 -4.487305 10.870972 -4.480469
1 3 1.000000 4.512695 7.445831 -4.480469
1 2 1.000000 4.512695 10.870972 -4.480469
1 2 1.000000 4.512695 10.870972 4.519531
1 3 1.000000 4.512695 7.445831 4.519531
1 3 1.000000 -4.487305 7.445831 4.519531
1 2 1.000000 -4.487305 10.870972 4.519531
1 2 1.000000 9.012695 9.555771 -4.480469
1 2 1.000000 9.012695 9.555771 4.519531
1 9 1.000000 3.451172 -3.701401 3.302734
1 9 1.000000 3.451172 -3.701401 -3.263672
1 9 1.000000 3.451172 -3.701401 3.302734
1 9 1.000000 3.451172 -5.088802 3.302734
1 9 1.000000 3.451172 -5.088802 -3.263672
1 9 1.000000 3.451172 -3.701401 -3.263672
1 10 1.000000 3.451172 -4.411682 3.302734
1 11 1.000000 3.451172 -0.485748 3.302734
1 11 1.000000 3.451172 -0.485748 -3.263672
1 10 1.000000 3.451172 -4.411682 -3.263672
1 11 1.000000 3.451172 -0.485748 3.302734
1 11 1.000000 -3.074219 -0.485748 3.302734
1 11 1.000000 -3.074219 -0.485748 -3.263672
1 11 1.000000 3.451172 -0.485748 -3.263672
1 11 1.000000 -3.074219 -0.485748 3.302734
1 10 1.000000 -3.074219 -4.411682 3.302734
1 10 1.000000 -3.074219 -4.411682 -3.263672
1 11 1.000000 -3.074219 -0.485748 -3.263672
1 9 1.000000 -3.074219 -3.701401 3.302734
1 9 1.000000 -3.074219 -3.701401 -3.263672
1 9 1.000000 -3.074219 -3.701401 3.302734
1 2 1.000000 9.012695 3.063019 4.519531
1 2 1.000000 9.012695 3.063019 -4.480469
1 9 1.000000 -3.074219 -3.701401 -3.263672
1 10 1.000000 -3.074219 -4.411682 -3.263672
1 10 1.000000 3.451172 -4.411682 -3.263672
1 11 1.000000 3.451172 -0.485748 -3.263672
1 11 1.000000 -3.074219 -0.485748 -3.263672
1 9 1.000000 -3.074219 -3.701401 -3.263672
1 9 1.000000 3.451172 -3.701401 -3.263672
1 9 1.000000 3.451172 -5.088802 -3.263672
1 2 1.000000 9.012695 9.555771 -4.480469
1 2 1.000000 9.012695 3.063019 -4.480469
1 11 1.000000 -3.074219 -0.485748 3.302734
1 11 1.000000 3.451172 -0.485748 3.302734
1 10 1.000000 3.451172 -4.411682 3.302734
1 10 1.000000 -3.074219 -4.411682 3.302734
1 9 1.000000 3.451172 -5.088802 3.302734
1 9 1.000000 3.451172 -3.701401 3.302734
1 9 1.000000 -3.074219 -3.701401 3.302734
1 2 1.000000 9.012695 9.555771 4.519531
1 2 1.000000 9.012695 3.063019 4.519531
1 2 1.000000 -8.987305 9.555771 4.519531
1 2 1.000000 -8.987305 9.555771 -4.480469
1 4 1.000000 -3.464844 -3.701412 -3.263672
1 4 1.000000 -3.464844 -3.701412 3.302734
1 4 1.000000 -3.464844 -3.701412 -3.263672
1 4 1.000000 -3.464844 -5.234600 -3.263672
1 4 1.000000 -3.464844 -5.234600 3.302734
1 4 1.000000 -3.464844 -3.701412 3.302734
1 5 1.000000 -3.464844 -4.411671 -3.263672
1 6 1.000000 -3.464844 -0.485741 -3.263672
1 6 1.000000 -3.464844 -0.485741 3.302734
1 5 1.000000 -3.464844 -4.411671 3.302734
1 6 1.000000 -3.464844 -0.485741 -3.263672
1 6 1.000000 3.060547 -0.485741 -3.263672
1 6 1.000000 3.060547 -0.485741 3.302734
1 6 1.000000 -3.464844 -0.485741 3.302734
1 6 1.000000 3.060547 -0.485741 -3.263672
1 5 1.000000 3.060547 -4.411671 -3.263672
1 5 1.000000 3.060547 -4.411671 3.302734
1 6 1.000000 3.060547 -0.485741 3.302734
1 4 1.000000 3.060547 -3.701412 -3.263672
1 4 1.000000 3.060547 -3.701412 3.302734
1 4 1.000000 3.060547 -3.701412 -3.263672
1 2 1.000000 -8.987305 3.063019 -4.480469
1 2 1.000000 -8.987305 3.063019 4.519531
1 4 1.000000 3.060547 -3.701412 3.302734
1 5 1.000000 3.060547 -4.411671 3.302734
1 5 1.000000 -3.464844 -4.411671 3.302734
1 6 1.000000 -3.464844 -0.485741 3.302734
1 6 1.000000 3.060547 -0.485741 3.302734
1 4 1.000000 3.060547 -3.701412 3.302734
1 4 1.000000 -3.464844 -3.701412 3.302734
1 4 1.000000 -3.464844 -5.234600 3.302734
1 2 1.000000 -8.987305 9.555771 4.519531
1 2 1.000000 -8.987305 3.063019 4.519531
1 6 1.000000 3.060547 -0.485741 -3.263672
1 6 1.000000 -3.464844 -0.485741 -3.263672
1 5 1.000000 -3.464844 -4.411671 -3.263672
1 5 1.000000 3.060547 -4.411671 -3.263672
1 4 1.000000 -3.464844 -5.234600 -3.263672
1 4 1.000000 -3.464844 -3.701412 -3.263672
1 4 1.000000 3.060547 -3.701412 -3.263672
1 2 1.000000 -8.987305 9.555771 -4.480469
1 2 1.000000 -8.987305 3.063019 -4.480469
1 18 1.000000 -2.949219 -13.901737 -2.656250
1 18 1.000000 3.546875 -13.901737 -2.656250
1 18 1.000000 3.546875 -13.901737 2.694336
1 18 1.000000 3.546875 -13.901737 -2.656250
1 15 1.000000 -3.446289 -13.901737 -2.656250
1 15 1.000000 -3.446289 -13.901737 2.694336
1 15 1.000000 3.050781 -13.901737 -2.656250
1 15 1.000000 -3.446289 -13.901737 -2.656250
1 19 1.000000 -1.679688 -1.603825 -8.517578
1 19 1.000000 2.218750 -1.603825 -8.517578
1 16 1.000000 -2.109375 -1.603825 -8.517578
1 16 1.000000 1.789063 -1.603825 -8.517578
1 17 1.000000 -2.949219 -13.539988 -2.933594
1 17 1.000000 -2.949219 -11.265268 -3.211914
1 0 1.000000 -8.987305 -4.944229 -4.480469
1 17 1.000000 -2.949219 -11.265268 3.250000
1 0 1.000000 -8.987305 -4.944229 4.519531
1 14 1.000000 3.050781 -11.265268 -3.211914
1 14 1.000000 3.050781 -13.539988 -2.933594
1 0 1.000000 9.012695 -4.944229 -4.480469
1 14 1.000000 3.050781 -11.265268 3.250000
1 0 1.000000 9.012695 -4.944229 4.519531
1 0 1.000000 -8.987305 4.055771 -4.480469
1 0 1.000000 -8.987305 -4.944229 -4.480469
1 2 1.000000 -8.987305 3.063019 -4.480469
1 0 1.000000 -8.987305 -4.944229 4.519531
1 0 1.000000 -8.987305 4.055771 4.519531
1 2 1.000000 -8.987305 3.063019 4.519531
1 3 1.000000 -4.487305 7.445831 -4.480469
1 18 1.000000 -2.949219 -13.901737 2.694336
1 18 1.000000 -2.949219 -13.901737 -2.656250
1 15 1.000000 3.050781 -13.901737 2.694336
1 15 1.000000 3.050781 -13.901737 -2.656250
1 0 1.000000 0.000000 0.000000 0.000000
