228
1 2 1.000000 -5.100586 12.092697 4.803711
1 3 1.000000 -5.100586 9.873596 4.803711
1 3 1.000000 -5.100586 9.873596 -4.196289
1 2 1.000000 -5.100586 12.092697 -4.196289
1 3 1.000000 5.179688 9.873596 4.803711
1 3 1.000000 5.179688 9.873596 -4.196289
1 2 1.000000 5.179688 12.092697 4.803711
1 2 1.000000 5.179688 12.092697 -4.196289
1 2 1.000000 5.179688 12.092697 -4.196289
1 2 1.000000 0.040039 12.092697 -4.196289
1 3 1.000000 5.179688 9.873596 -4.196289
1 2 1.000000 0.040039 12.092697 4.803711
1 3 1.000000 5.179688 9.873596 4.803711
1 2 1.000000 5.179688 12.092697 4.803711
2 3 0.000000 -11.527344 -2.957085 4.803711
2 1.000000 0.000000 0.000000 0.000000
1 2 1.000000 -9.400391 11.610916 4.803711
1 2 1.000000 -9.400391 11.610916 -4.196289
1 3 1.000000 -11.527344 -2.957085 -4.196289
1 2 1.000000 11.606445 0.068199 -4.196289
1 2 1.000000 -11.527344 0.068199 -4.196289
1 3 1.000000 11.606445 -2.957085 -4.196289
1 2 1.000000 0.040039 9.542915 -4.196289
1 2 1.000000 -11.527344 0.068199 4.803711
1 2 1.000000 11.606445 0.068199 4.803711
1 2 1.000000 0.040039 9.542915 4.803711
2 3 0.000000 11.606445 -2.957085 4.803711
2 1.000000 0.000000 0.000000 0.000000
1 16 1.000000 -4.398438 -6.286236 4.803711
1 16 1.000000 -4.398438 -0.317276 4.803711
1 16 1.000000 -4.398438 -6.286236 -14.213867
1 16 1.000000 -4.398438 -0.317276 -4.196289
1 16 1.000000 -4.398438 -2.399307 -14.213867
1 15 1.000000 -4.398438 -0.395569 4.803711
1 15 1.000000 -4.398438 -0.395569 -4.196289
1 17 1.000000 8.040039 3.042919 4.803711
1 17 1.000000 8.040039 3.042919 -4.196289
1 14 1.000000 4.606445 3.042919 4.803711
1 15 1.000000 4.601563 -0.395569 4.803711
1 15 1.000000 4.601563 -0.395569 -4.196289
1 14 1.000000 4.606445 3.042919 -4.196289
1 16 1.000000 4.601563 -0.317276 4.803711
1 16 1.000000 4.601563 -0.317276 -4.196289
1 16 1.000000 4.601563 -6.286236 4.803711
1 16 1.000000 4.601563 -6.286236 -14.213867
1 16 1.000000 4.601563 -2.399307 -14.213867
1 16 1.000000 -4.398438 -6.286236 4.803711
1 16 1.000000 -4.398438 -6.286236 -14.213867
1 16 1.000000 4.601563 -0.317276 -4.196289
1 16 1.000000 4.601563 -2.399307 -14.213867
1 15 1.000000 4.601563 -0.395569 -4.196289
1 14 1.000000 4.606445 3.042919 -4.196289
1 16 1.000000 4.601563 -6.286236 4.803711
1 16 1.000000 4.601563 -0.317276 4.803711
1 15 1.000000 4.601563 -0.395569 4.803711
1 14 1.000000 4.606445 3.042919 4.803711
1 16 1.000000 4.601563 -6.286236 -14.213867
1 19 1.000000 -3.499023 -6.462936 4.803711
1 19 1.000000 -3.499023 -0.493965 4.803711
1 19 1.000000 -3.499023 -6.462936 -14.213867
1 19 1.000000 -3.499023 -0.493965 -4.196289
1 19 1.000000 -3.499023 -2.576008 -14.213867
1 18 1.000000 -3.499023 -0.572268 4.803711
1 18 1.000000 -3.499023 -0.572268 -4.196289
1 17 1.000000 -3.527344 3.042919 4.803711
1 17 1.000000 -3.527344 3.042919 -4.196289
1 17 1.000000 8.040039 3.042919 4.803711
1 18 1.000000 5.500977 -0.572268 4.803711
1 18 1.000000 5.500977 -0.572268 -4.196289
1 17 1.000000 8.040039 3.042919 -4.196289
1 19 1.000000 5.500977 -0.493965 4.803711
1 19 1.000000 5.500977 -0.493965 -4.196289
1 19 1.000000 5.500977 -6.462936 4.803711
1 19 1.000000 5.500977 -6.462936 -14.213867
1 19 1.000000 5.500977 -2.576008 -14.213867
1 19 1.000000 -3.499023 -6.462936 4.803711
1 19 1.000000 -3.499023 -6.462936 -14.213867
1 19 1.000000 5.500977 -0.493965 -4.196289
1 19 1.000000 5.500977 -2.576008 -14.213867
1 18 1.000000 5.500977 -0.572268 -4.196289
1 17 1.000000 8.040039 3.042919 -4.196289
1 19 1.000000 5.500977 -6.462936 4.803711
1 19 1.000000 5.500977 -0.493965 4.803711
1 18 1.000000 5.500977 -0.572268 4.803711
1 17 1.000000 8.040039 3.042919 4.803711
1 19 1.000000 5.500977 -6.462936 -14.213867
1 2 1.000000 -5.100586 12.092697 -4.196289
1 2 1.000000 -5.100586 12.092697 4.803711
1 2 1.000000 9.479492 11.610916 4.803711
2 3 0.000000 11.606445 -2.957085 4.803711
2 1.000000 0.000000 0.000000 0.000000
1 3 1.000000 11.606445 -2.957085 -4.196289
1 2 1.000000 9.479492 11.610916 -4.196289
1 2 1.000000 11.606445 0.068199 4.803711
1 14 1.000000 4.606445 3.042919 4.803711
1 14 1.000000 4.606445 3.042919 -4.196289
1 2 1.000000 11.606445 0.068199 -4.196289
1 17 1.000000 -3.527344 3.042919 4.803711
1 17 1.000000 -3.527344 3.042919 -4.196289
1 11 1.000000 3.211914 -7.216801 4.803711
1 11 1.000000 -5.788086 -7.216793 4.803711
1 11 1.000000 -5.788086 -7.216793 -4.196289
1 11 1.000000 3.211914 -7.216801 -4.196289
1 11 1.000000 -5.788086 -0.873043 4.803711
1 11 1.000000 -5.788086 -0.873043 -4.196289
1 11 1.000000 -5.788086 11.705086 4.803711
1 11 1.000000 -5.788086 11.705086 -4.196289
1 2 1.000000 11.606445 0.068199 4.803711
1 2 1.000000 11.606445 0.068199 -4.196289
2 3 0.000000 11.606445 -2.957085 4.803711
2 1.000000 0.000000 0.000000 0.000000
1 11 1.000000 3.211914 11.705078 4.803711
1 11 1.000000 3.211914 11.705078 -4.196289
1 3 1.000000 11.606445 -2.957085 -4.196289
1 11 1.000000 3.211914 -0.873051 4.803711
1 11 1.000000 3.211914 -0.873051 -4.196289
1 11 1.000000 3.211914 -7.216801 4.803711
1 11 1.000000 3.211914 -7.216801 -4.196289
1 11 1.000000 3.211914 11.705078 -4.196289
1 11 1.000000 -5.788086 11.705086 -4.196289
1 2 1.000000 11.606445 0.068199 -4.196289
1 3 1.000000 11.606445 -2.957085 -4.196289
1 11 1.000000 3.211914 -0.873051 -4.196289
1 11 1.000000 -5.788086 -0.873043 -4.196289
2 3 0.000000 11.606445 -2.957085 4.803711
2 1.000000 0.000000 0.000000 0.000000
1 2 1.000000 11.606445 0.068199 4.803711
1 11 1.000000 -5.788086 11.705086 4.803711
1 11 1.000000 3.211914 11.705078 4.803711
1 11 1.000000 -5.788086 -0.873043 4.803711
1 11 1.000000 3.211914 -0.873051 4.803711
1 6 1.000000 5.788086 -7.166012 4.803711
1 6 1.000000 -3.211914 -7.166019 4.803711
1 6 1.000000 -3.211914 -7.166019 -4.196289
1 6 1.000000 5.788086 -7.166012 -4.196289
1 6 1.000000 -3.211914 -0.822269 4.803711
1 6 1.000000 -3.211914 -0.822269 -4.196289
1 6 1.000000 -3.211914 11.755859 4.803711
1 6 1.000000 -3.211914 11.755859 -4.196289
2 3 0.000000 -11.527344 -2.957085 4.803711
2 1.000000 0.000000 0.000000 0.000000
1 3 1.000000 -11.527344 -2.957085 -4.196289
1 2 1.000000 -11.527344 0.068199 4.803711
1 6 1.000000 5.788086 11.755867 4.803711
1 6 1.000000 5.788086 11.755867 -4.196289
1 2 1.000000 -11.527344 0.068199 -4.196289
1 6 1.000000 5.788086 -0.822262 4.803711
1 6 1.000000 5.788086 -0.822262 -4.196289
1 6 1.000000 5.788086 -7.166012 4.803711
1 6 1.000000 5.788086 -7.166012 -4.196289
1 6 1.000000 5.788086 11.755867 -4.196289
1 6 1.000000 -3.211914 11.755859 -4.196289
1 3 1.000000 -11.527344 -2.957085 -4.196289
1 2 1.000000 -11.527344 0.068199 -4.196289
1 6 1.000000 5.788086 -0.822262 -4.196289
1 6 1.000000 -3.211914 -0.822269 -4.196289
1 2 1.000000 -11.527344 0.068199 4.803711
2 3 0.000000 -11.527344 -2.957085 4.803711
2 1.000000 0.000000 0.000000 0.000000
1 6 1.000000 -3.211914 11.755859 4.803711
1 6 1.000000 5.788086 11.755867 4.803711
1 6 1.000000 -3.211914 -0.822269 4.803711
1 6 1.000000 5.788086 -0.822262 4.803711
1 2 1.000000 5.179688 12.092697 -4.196289
1 2 1.000000 5.179688 12.092697 4.803711
1 14 1.000000 4.606445 3.042919 -4.196289
1 17 1.000000 8.040039 3.042919 -4.196289
1 2 1.000000 -9.400391 11.610916 -4.196289
1 2 1.000000 -5.100586 12.092697 -4.196289
1 2 1.000000 0.040039 12.092697 -4.196289
1 2 1.000000 5.179688 12.092697 -4.196289
1 2 1.000000 9.479492 11.610916 -4.196289
1 17 1.000000 8.040039 3.042919 4.803711
1 14 1.000000 4.606445 3.042919 4.803711
1 2 1.000000 0.040039 12.092697 4.803711
1 2 1.000000 -5.100586 12.092697 4.803711
1 2 1.000000 -9.400391 11.610916 4.803711
1 2 1.000000 9.479492 11.610916 4.803711
1 2 1.000000 5.179688 12.092697 4.803711
1 3 1.000000 -5.100586 9.873596 4.803711
1 3 1.000000 -5.100586 9.873596 -4.196289
1 3 1.000000 5.179688 9.873596 4.803711
1 3 1.000000 5.179688 9.873596 -4.196289
1 3 1.000000 -5.100586 9.873596 -4.196289
1 2 1.000000 -5.100586 12.092697 -4.196289
1 2 1.000000 -5.100586 12.092697 4.803711
1 3 1.000000 -5.100586 9.873596 4.803711
1 3 1.000000 -11.527344 -2.957085 -4.196289
2 3 0.000000 -11.527344 -2.957085 4.803711
2 1.000000 0.000000 0.000000 0.000000
1 16 1.000000 4.601563 -6.286236 4.803711
1 16 1.000000 4.601563 -6.286236 -14.213867
1 16 1.000000 -4.398438 -2.399307 -14.213867
1 16 1.000000 -4.398438 -0.317276 -4.196289
1 16 1.000000 -4.398438 -0.317276 -4.196289
1 15 1.000000 -4.398438 -0.395569 -4.196289
1 16 1.000000 4.601563 -0.317276 -4.196289
1 17 1.000000 8.040039 3.042919 -4.196289
1 16 1.000000 -4.398438 -0.317276 4.803711
1 16 1.000000 -4.398438 -6.286236 4.803711
1 15 1.000000 -4.398438 -0.395569 4.803711
1 17 1.000000 8.040039 3.042919 4.803711
1 16 1.000000 -4.398438 -6.286236 -14.213867
1 16 1.000000 -4.398438 -2.399307 -14.213867
1 16 1.000000 4.601563 -2.399307 -14.213867
1 19 1.000000 5.500977 -6.462936 4.803711
1 19 1.000000 5.500977 -6.462936 -14.213867
1 19 1.000000 -3.499023 -2.576008 -14.213867
1 19 1.000000 -3.499023 -0.493965 -4.196289
1 19 1.000000 -3.499023 -0.493965 -4.196289
1 18 1.000000 -3.499023 -0.572268 -4.196289
1 19 1.000000 5.500977 -0.493965 -4.196289
1 17 1.000000 -3.527344 3.042919 -4.196289
1 19 1.000000 -3.499023 -0.493965 4.803711
1 19 1.000000 -3.499023 -6.462936 4.803711
1 18 1.000000 -3.499023 -0.572268 4.803711
1 17 1.000000 -3.527344 3.042919 4.803711
1 19 1.000000 -3.499023 -6.462936 -14.213867
1 19 1.000000 -3.499023 -2.576008 -14.213867
1 19 1.000000 5.500977 -2.576008 -14.213867
1 2 1.000000 -11.527344 0.068199 4.803711
1 2 1.000000 -11.527344 0.068199 -4.196289
1 11 1.000000 -5.788086 -7.216793 4.803711
1 11 1.000000 -5.788086 -7.216793 -4.196289
1 11 1.000000 3.211914 -7.216801 -4.196289
1 11 1.000000 -5.788086 -7.216793 -4.196289
1 11 1.000000 -5.788086 -7.216793 4.803711
1 11 1.000000 3.211914 -7.216801 4.803711
1 6 1.000000 -3.211914 -7.166019 4.803711
1 6 1.000000 -3.211914 -7.166019 -4.196289
1 6 1.000000 5.788086 -7.166012 -4.196289
1 6 1.000000 -3.211914 -7.166019 -4.196289
1 6 1.000000 -3.211914 -7.166019 4.803711
1 6 1.000000 5.788086 -7.166012 4.803711
1 17 1.000000 -3.527344 3.042919 -4.196289
1 17 1.000000 -3.527344 3.042919 4.803711
0 