#敵の総数
61

#=======================================================
# 戦闘機[0](POS・MOVE・SIZE・TYPE・LIFE・ATTAKE・CHASE)
#=======================================================
360.0 -300.0 0.00
0.00 1.00 0.00
20.0 20.0
1
5
0
1

#=======================================================
# 戦闘機[1](POS・MOVE・SIZE・TYPE・LIFE・ATTAKE・CHASE)
#=======================================================
400.0 -250.0 0.00
0.00 1.00 0.00
20.0 20.0
1
5
0
1

#=======================================================
# 戦闘機[2](POS・MOVE・SIZE・TYPE・LIFE・ATTAKE・CHASE)
#=======================================================
440.0 -200.0 0.00
0.00 1.00 0.00
20.0 20.0
1
5
0
1

#=======================================================
# 戦闘機[3](POS・MOVE・SIZE・TYPE・LIFE・ATTAKE・CHASE)
#=======================================================
480.0 -250.0 0.00
0.00 1.00 0.00
20.0 20.0
1
5
0
1

#=======================================================
# 戦闘機[4](POS・MOVE・SIZE・TYPE・LIFE・ATTAKE・CHASE)
#=======================================================
520.0 -300.0 0.00
0.00 1.00 0.00
20.0 20.0
1
5
0
1

#=======================================================
# 戦闘機[5](POS・MOVE・SIZE・TYPE・LIFE・ATTAKE・CHASE)
#=======================================================
660.0 -1000.0 0.00
0.00 1.00 0.00
20.0 20.0
1
5
0
1

#=======================================================
# 戦闘機[6](POS・MOVE・SIZE・TYPE・LIFE・ATTAKE・CHASE)
#=======================================================
700.0 -950.0 0.00
0.00 1.00 0.00
20.0 20.0
1
5
0
1

#=======================================================
# 戦闘機[7](POS・MOVE・SIZE・TYPE・LIFE・ATTAKE・CHASE)
#=======================================================
740.0 -900.0 0.00
0.00 1.00 0.00
20.0 20.0
1
5
0
1

#=======================================================
# 戦闘機[8](POS・MOVE・SIZE・TYPE・LIFE・ATTAKE・CHASE)
#=======================================================
780.0 -950.0 0.00
0.00 1.00 0.00
20.0 20.0
1
5
0
1

#=======================================================
# 戦闘機[9](POS・MOVE・SIZE・TYPE・LIFE・ATTAKE・CHASE)
#=======================================================
720.0 -1000.0 0.00
0.00 1.00 0.00
20.0 20.0
1
5
0
1

#=======================================================
# 戦闘機[10](POS・MOVE・SIZE・TYPE・LIFE・ATTAKE・CHASE)
#=======================================================
760.0 -1900.0 0.00
0.00 1.00 0.00
20.0 20.0
1
5
0
1

#=======================================================
# 戦闘機[11](POS・MOVE・SIZE・TYPE・LIFE・ATTAKE・CHASE)
#=======================================================
800.0 -1850.0 0.00
0.00 1.00 0.00
20.0 20.0
1
5
0
1

#=======================================================
# 戦闘機[12](POS・MOVE・SIZE・TYPE・LIFE・ATTAKE・CHASE)
#=======================================================
840.0 -1800.0 0.00
0.00 1.00 0.00
20.0 20.0
1
5
0
1

#=======================================================
# 戦闘機[13](POS・MOVE・SIZE・TYPE・LIFE・ATTAKE・CHASE)
#=======================================================
880.0 -1850.0 0.00
0.00 1.00 0.00
20.0 20.0
1
5
0
1

#=======================================================
# 戦闘機[14](POS・MOVE・SIZE・TYPE・LIFE・ATTAKE・CHASE)
#=======================================================
920.0 -1900.0 0.00
0.00 1.00 0.00
20.0 20.0
1
5
0
1

#=======================================================
# 戦闘機[15](POS・MOVE・SIZE・TYPE・LIFE・ATTAKE・CHASE)
#=======================================================
360.0 -1900.0 0.00
0.00 1.00 0.00
20.0 20.0
1
5
0
1

#=======================================================
# 戦闘機[16](POS・MOVE・SIZE・TYPE・LIFE・ATTAKE・CHASE)
#=======================================================
400.0 -1850.0 0.00
0.00 1.00 0.00
20.0 20.0
1
5
0
1

#=======================================================
# 戦闘機[17](POS・MOVE・SIZE・TYPE・LIFE・ATTAKE・CHASE)
#=======================================================
440.0 -1800.0 0.00
0.00 1.00 0.00
20.0 20.0
1
5
0
1

#=======================================================
# 戦闘機[18](POS・MOVE・SIZE・TYPE・LIFE・ATTAKE・CHASE)
#=======================================================
480.0 -1850.0 0.00
0.00 1.00 0.00
20.0 20.0
1
5
0
1

#=======================================================
# 戦闘機[19](POS・MOVE・SIZE・TYPE・LIFE・ATTAKE・CHASE)
#=======================================================
520.0 -1900.0 0.00
0.00 1.00 0.00
20.0 20.0
1
5
0
1

#=======================================================
# 戦闘機[20](POS・MOVE・SIZE・TYPE・LIFE・ATTAKE・CHASE)
#=======================================================
360.0 -2500.0 0.00
0.00 1.00 0.00
20.0 20.0
1
5
0
1

#=======================================================
# 戦闘機[21](POS・MOVE・SIZE・TYPE・LIFE・ATTAKE・CHASE)
#=======================================================
400.0 -2600.0 0.00
0.00 1.00 0.00
20.0 20.0
1
5
0
1

#=======================================================
# 戦闘機[22](POS・MOVE・SIZE・TYPE・LIFE・ATTAKE・CHASE)
#=======================================================
440.0 -2700.0 0.00
0.00 1.00 0.00
20.0 20.0
1
5
0
1

#=======================================================
# 戦闘機[23](POS・MOVE・SIZE・TYPE・LIFE・ATTAKE・CHASE)
#=======================================================
480.0 -2800.0 0.00
0.00 1.00 0.00
20.0 20.0
1
5
0
1

#=======================================================
# 戦闘機[24](POS・MOVE・SIZE・TYPE・LIFE・ATTAKE・CHASE)
#=======================================================
520.0 -2900.0 0.00
0.00 1.00 0.00
20.0 20.0
1
5
0
1

#=======================================================
# 戦闘機[25](POS・MOVE・SIZE・TYPE・LIFE・ATTAKE・CHASE)
#=======================================================
800.0 -3000.0 0.00
0.00 1.00 0.00
20.0 20.0
1
5
0
1

#=======================================================
# 戦闘機[26](POS・MOVE・SIZE・TYPE・LIFE・ATTAKE・CHASE)
#=======================================================
760.0 -3100.0 0.00
0.00 1.00 0.00
20.0 20.0
1
5
0
1

#=======================================================
# 戦闘機[27](POS・MOVE・SIZE・TYPE・LIFE・ATTAKE・CHASE)
#=======================================================
720.0 -3200.0 0.00
0.00 1.00 0.00
20.0 20.0
1
5
0
1

#=======================================================
# 戦闘機[28](POS・MOVE・SIZE・TYPE・LIFE・ATTAKE・CHASE)
#=======================================================
680.0 -3300.0 0.00
0.00 1.00 0.00
20.0 20.0
1
5
0
1

#=======================================================
# 戦闘機[29](POS・MOVE・SIZE・TYPE・LIFE・ATTAKE・CHASE)
#=======================================================
640.0 -3400.0 0.00
0.00 1.00 0.00
20.0 20.0
1
5
0
1

#=======================================================
# 戦闘機[30](POS・MOVE・SIZE・TYPE・LIFE・ATTAKE・CHASE)
#=======================================================
840.0 -4000.0 0.00
0.00 1.00 0.00
20.0 20.0
1
5
0
1

#=======================================================
# 戦闘機[31](POS・MOVE・SIZE・TYPE・LIFE・ATTAKE・CHASE)
#=======================================================
800.0 -4000.0 0.00
0.00 1.00 0.00
20.0 20.0
1
5
0
1

#=======================================================
# 戦闘機[32](POS・MOVE・SIZE・TYPE・LIFE・ATTAKE・CHASE)
#=======================================================
440.0 -4000.0 0.00
0.00 1.00 0.00
20.0 20.0
1
5
0
1

#=======================================================
# 戦闘機[33](POS・MOVE・SIZE・TYPE・LIFE・ATTAKE・CHASE)
#=======================================================
480.0 -4000.0 0.00
0.00 1.00 0.00
20.0 20.0
1
5
0
1

#=======================================================
# 戦闘機[34](POS・MOVE・SIZE・TYPE・LIFE・ATTAKE・CHASE)
#=======================================================
620.0 -4200.0 0.00
0.00 1.00 0.00
20.0 20.0
1
5
0
1

#=======================================================
# 戦闘機[35](POS・MOVE・SIZE・TYPE・LIFE・ATTAKE・CHASE)
#=======================================================
660.0 -4200.0 0.00
0.00 1.00 0.00
20.0 20.0
1
5
0
1

#=======================================================
# 戦闘機[36](POS・MOVE・SIZE・TYPE・LIFE・ATTAKE・CHASE)
#=======================================================
480.0 -4400.0 0.00
0.00 1.00 0.00
20.0 20.0
1
5
0
1

#=======================================================
# 戦闘機[37](POS・MOVE・SIZE・TYPE・LIFE・ATTAKE・CHASE)
#=======================================================
520.0 -4400.0 0.00
0.00 1.00 0.00
20.0 20.0
1
5
0
1

#=======================================================
# 戦闘機[38](POS・MOVE・SIZE・TYPE・LIFE・ATTAKE・CHASE)
#=======================================================
740.0 -4400.0 0.00
0.00 1.00 0.00
20.0 20.0
1
5
0
1

#=======================================================
# 戦闘機[39](POS・MOVE・SIZE・TYPE・LIFE・ATTAKE・CHASE)
#=======================================================
780.0 -4400.0 0.00
0.00 1.00 0.00
20.0 20.0
1
5
0
1

#=======================================================
# 潜水艦[0](POS・MOVE・SIZE・TYPE・LIFE・ATTAKE・CHASE)
#=======================================================
640.0 -1600.0 0.00
0.00 1.00 0.00
10.0 35.0
2
50
0
0

#=======================================================
# 潜水艦[1](POS・MOVE・SIZE・TYPE・LIFE・ATTAKE・CHASE)
#=======================================================
800.0 -2900.0 0.00
0.00 1.00 0.00
10.0 35.0
2
50
0
0

#=======================================================
# 潜水艦[2](POS・MOVE・SIZE・TYPE・LIFE・ATTAKE・CHASE)
#=======================================================
640.0 -3800.0 0.00
0.00 1.00 0.00
10.0 35.0
2
50
0
0


#=======================================================
# 戦艦[0](POS・MOVE・SIZE・TYPE・LIFE・ATTAKE・CHASE)
#=======================================================
750.0 -500.0 0.00
0.00 1.00 0.00
25.0 85.0
0
30
0
0

#=======================================================
# 戦艦[1](POS・MOVE・SIZE・TYPE・LIFE・ATTAKE・CHASE)
#=======================================================
500.0 -1200.0 0.00
0.00 1.00 0.00
25.0 85.0
0
30
0
0

#=======================================================
# 戦艦[2](POS・MOVE・SIZE・TYPE・LIFE・ATTAKE・CHASE)
#=======================================================
750.0 -1200.0 0.00
0.00 1.00 0.00
25.0 85.0
0
30
0
0

#=======================================================
# 戦艦[3](POS・MOVE・SIZE・TYPE・LIFE・ATTAKE・CHASE)
#=======================================================
400.0 -2100.0 0.00
0.00 1.00 0.00
25.0 85.0
0
30
0
0

#=======================================================
# 戦艦[4](POS・MOVE・SIZE・TYPE・LIFE・ATTAKE・CHASE)
#=======================================================
800.0 -2300.0 0.00
0.00 1.00 0.00
25.0 85.0
0
30
0
0

#=======================================================
# 戦艦[5](POS・MOVE・SIZE・TYPE・LIFE・ATTAKE・CHASE)
#=======================================================
640.0 -2500.0 0.00
0.00 1.00 0.00
25.0 85.0
0
30
0
0

#=======================================================
# 戦艦[6](POS・MOVE・SIZE・TYPE・LIFE・ATTAKE・CHASE)
#=======================================================
440.0 -3400.0 0.00
0.00 1.00 0.00
25.0 85.0
0
30
0
0

#=======================================================
# 戦艦[7](POS・MOVE・SIZE・TYPE・LIFE・ATTAKE・CHASE)
#=======================================================
440.0 -3700.0 0.00
0.00 1.00 0.00
25.0 85.0
0
30
0
0

#=======================================================
# 戦艦[8](POS・MOVE・SIZE・TYPE・LIFE・ATTAKE・CHASE)
#=======================================================
840.0 -3700.0 0.00
0.00 1.00 0.00
25.0 85.0
0
30
0
0

#=======================================================
# 戦艦[9](POS・MOVE・SIZE・TYPE・LIFE・ATTAKE・CHASE)
#=======================================================
440.0 -5100.0 0.00
0.00 1.00 0.00
25.0 85.0
0
400
0
0

#=======================================================
# 戦艦[10](POS・MOVE・SIZE・TYPE・LIFE・ATTAKE・CHASE)
#=======================================================
840.0 -5100.0 0.00
0.00 1.00 0.00
25.0 85.0
0
400
0
0

#=======================================================
# 戦艦[11](POS・MOVE・SIZE・TYPE・LIFE・ATTAKE・CHASE)
#=======================================================
440.0 -6000.0 0.00
0.00 1.00 0.00
25.0 85.0
0
400
0
0

#=======================================================
# 戦艦[12](POS・MOVE・SIZE・TYPE・LIFE・ATTAKE・CHASE)
#=======================================================
840.0 -6000.0 0.00
0.00 1.00 0.00
25.0 85.0
0
400
0
0

#=======================================================
# 戦艦[13](POS・MOVE・SIZE・TYPE・LIFE・ATTAKE・CHASE)
#=======================================================
440.0 -6900.0 0.00
0.00 1.00 0.00
25.0 85.0
0
400
0
0

#=======================================================
# 戦艦[14](POS・MOVE・SIZE・TYPE・LIFE・ATTAKE・CHASE)
#=======================================================
840.0 -6900.0 0.00
0.00 1.00 0.00
25.0 85.0
0
400
0
0

#=======================================================
# 戦艦[15](POS・MOVE・SIZE・TYPE・LIFE・ATTAKE・CHASE)
#=======================================================
440.0 -7800.0 0.00
0.00 1.00 0.00
25.0 85.0
0
600
0
0

#=======================================================
# 戦艦[16](POS・MOVE・SIZE・TYPE・LIFE・ATTAKE・CHASE)
#=======================================================
840.0 -7800.0 0.00
0.00 1.00 0.00
25.0 85.0
0
600
0
0

#=======================================================
# 空母[0](POS・MOVE・SIZE・TYPE・LIFE・ATTAKE・CHASE)
#=======================================================
640.0 -4900.0 0.00
0.00 1.00 0.00
30.0 90.0
3
150
0
0