19 21
6 0 3 -1 -1 -1 -1 -1 300 0.000000
0 1 0 30 0 0.000000 1.000000
0.000000 0.000000 0.000000
0.000000 0.660000 0.000000
-0.090000 -0.250000 0.000000
0.020000 -0.250000 0.000000
-0.060000 0.000000 0.000000
-0.380000 0.060000 -0.390000
0.000000 0.050000 0.160000
-0.130000 0.250000 0.010000
0.000000 0.000000 0.000000
0.000000 0.000000 0.000000
0.160000 0.000000 0.270000
0.000000 0.000000 -0.100000
0.000000 0.000000 0.000000
0.000000 0.000000 0.000000
0.000000 0.000000 0.000000
0.390000 -0.420000 0.290000
-0.590000 0.000000 0.000000
0.180000 0.000000 0.000000
0.110000 -0.120000 -0.290000
-0.380000 0.000000 0.000000
0.180000 0.000000 0.000000
-1.579999 0.000000 0.000000
0.000000 -3.099999 0.000000


0 1 0 20 0 0.000000 1.000000
0.000000 0.000000 0.000000
0.000000 0.660000 0.000000
-0.090000 -0.250000 0.000000
0.020000 -0.250000 0.000000
-0.060000 0.000000 0.000000
-0.380000 0.060000 -0.390000
0.000000 0.050000 0.160000
-0.130000 0.250000 0.010000
0.000000 0.000000 0.000000
0.000000 0.000000 0.000000
0.160000 0.000000 0.270000
0.000000 0.000000 -0.100000
0.000000 0.000000 0.000000
0.000000 0.000000 0.000000
0.000000 0.000000 0.000000
0.390000 -0.420000 0.290000
-0.590000 0.000000 0.000000
0.180000 0.000000 0.000000
0.110000 -0.120000 -0.290000
-0.380000 0.000000 0.000000
0.180000 0.000000 0.000000
-1.579999 0.000000 0.000000
0.000000 -3.599999 0.000000


0 1 0 60 0 0.000000 1.000000
0.000000 0.000000 0.000000
-0.050000 0.660000 0.000000
-0.140000 -0.250000 0.000000
0.000000 -0.250000 -0.050000
0.050000 0.000000 0.000000
-0.430000 0.000000 -0.350000
0.000000 0.300000 0.180000
-0.130000 0.310000 0.010000
0.000000 0.100000 0.000000
0.000000 0.000000 0.000000
0.180000 0.000000 0.400000
0.000000 -0.410000 -0.320000
0.000000 0.000000 0.000000
0.000000 0.000000 0.000000
0.000000 0.000000 0.000000
0.700000 -0.420000 0.290000
-0.840000 0.000000 0.000000
0.150000 0.000000 0.000000
0.400000 -0.120000 -0.350000
-0.929999 0.000000 0.000000
0.500000 0.000000 0.240000
-1.579999 0.000000 0.000000
0.000000 -7.299995 0.000000


0 1 0 30 0 0.000000 1.000000
0.000000 0.000000 0.000000
-0.050000 0.660000 0.000000
-0.140000 -0.250000 0.000000
0.000000 -0.250000 -0.050000
0.050000 0.000000 0.000000
-0.430000 0.000000 -0.350000
0.000000 0.300000 0.180000
-0.130000 0.310000 0.010000
0.000000 0.100000 0.000000
0.000000 0.000000 0.000000
0.180000 0.000000 0.400000
0.000000 -0.410000 -0.320000
0.000000 0.000000 0.000000
0.000000 0.000000 0.000000
0.000000 0.000000 0.000000
0.700000 -0.420000 0.290000
-0.840000 0.000000 0.000000
0.150000 0.000000 0.000000
0.400000 -0.120000 -0.350000
-0.929999 0.000000 0.000000
0.500000 0.000000 0.240000
-1.579999 0.000000 0.000000
0.000000 -7.799995 0.000000


0 1 0 20 0 0.000000 1.000000
0.000000 0.000000 0.000000
-0.050000 0.660000 0.000000
-0.140000 -0.250000 0.000000
0.000000 -0.250000 -0.050000
0.050000 0.000000 0.000000
-0.430000 0.000000 -0.350000
0.000000 0.300000 0.180000
-0.130000 0.310000 0.010000
0.000000 0.100000 0.000000
0.000000 0.000000 0.000000
0.180000 0.000000 0.400000
0.000000 -0.410000 -0.320000
0.000000 0.000000 0.000000
0.000000 0.000000 0.000000
0.000000 0.000000 0.000000
0.700000 -0.420000 0.290000
-0.840000 0.000000 0.000000
0.150000 0.000000 0.000000
0.400000 -0.120000 -0.350000
-0.929999 0.000000 0.000000
0.500000 0.000000 0.240000
-1.579999 0.000000 0.000000
0.000000 -7.299995 0.000000


0 1 0 60 0 0.000000 1.000000
0.000000 0.000000 0.000000
0.000000 0.660000 0.000000
-0.090000 -0.250000 0.000000
0.020000 -0.250000 0.000000
-0.060000 0.000000 0.000000
-0.380000 0.060000 -0.390000
0.000000 0.050000 0.160000
-0.130000 0.250000 0.010000
0.000000 0.000000 0.000000
0.000000 0.000000 0.000000
0.160000 0.000000 0.270000
0.000000 0.000000 -0.100000
0.000000 0.000000 0.000000
0.000000 0.000000 0.000000
0.000000 0.000000 0.000000
0.390000 -0.420000 0.290000
-0.590000 0.000000 0.000000
0.180000 0.000000 0.000000
0.110000 -0.120000 -0.290000
-0.380000 0.000000 0.000000
0.180000 0.000000 0.000000
-1.579999 0.000000 0.000000
0.000000 -3.599999 0.000000


6 1 3 -1 -1 -1 1 -1 300 0.000000
0 0 0 5 0 1.009999 1.009999
0.000000 0.000000 -0.000000
-0.510000 0.000000 0.000000
0.010000 0.030000 0.000000
0.160000 0.130000 0.000000
0.100000 -0.160000 0.000000
-0.380000 0.650000 -0.690000
0.000000 0.050000 0.160000
-0.130000 0.250000 0.010000
0.000000 0.000000 0.000000
0.000000 0.000000 0.000000
0.420000 0.000000 0.270000
1.499999 0.420000 0.000000
0.280000 0.000000 -0.470000
0.000000 0.000000 0.000000
0.000000 0.000000 0.000000
-0.200000 0.160000 0.060000
-0.180000 0.000000 0.000000
-0.510000 0.000000 0.000000
1.519999 0.060000 -0.100000
-2.099999 0.000000 0.000000
0.370000 0.000000 0.000000
-1.579999 0.000000 0.000000
0.000000 -10.900005 0.000000


0 0 0 12 0 1.009999 1.000000
0.000000 0.000000 0.000000
-0.560000 0.000000 0.000000
0.010000 0.000000 0.000000
0.160000 0.080000 0.000000
0.100000 -0.090000 0.000000
-0.380000 0.650000 -0.690000
0.000000 0.050000 0.160000
-0.130000 0.250000 0.010000
0.000000 0.000000 0.000000
0.000000 0.000000 0.000000
0.040000 0.000000 0.410000
1.199999 0.420000 0.000000
0.280000 0.000000 -0.470000
0.000000 0.000000 0.000000
0.000000 0.000000 0.000000
0.000000 -0.000000 0.050000
-0.660000 0.000000 0.000000
-0.340000 0.000000 0.000000
1.359999 0.060000 -0.050000
-0.909999 0.000000 0.000000
-0.410000 0.000000 0.000000
-1.579999 0.000000 0.000000
0.000000 -7.099996 0.000000


0 0 0 4 0 1.009999 1.000000
0.000000 0.000000 0.000000
-0.510000 0.000000 0.000000
0.010000 0.000000 0.000000
0.160000 0.000000 0.000000
0.100000 0.000000 0.000000
-0.380000 0.650000 -0.690000
0.000000 0.050000 0.160000
-0.130000 0.250000 0.010000
0.000000 0.000000 0.000000
0.000000 0.000000 0.000000
0.040000 -0.250000 0.410000
1.199999 0.420000 0.000000
0.280000 0.000000 -0.470000
0.000000 0.000000 0.000000
0.000000 0.000000 0.000000
-0.020000 -0.000000 0.070000
-0.980000 0.000000 0.000000
0.010000 0.000000 0.000000
1.339999 0.090000 0.010000
-1.359999 0.000000 0.000000
0.600000 0.000000 0.000000
-1.579999 0.000000 0.000000
0.000000 -10.900005 0.000000


0 0 0 5 0 1.009999 1.009999
0.000000 0.000000 -0.000000
-0.510000 0.000000 0.000000
0.010000 -0.030000 0.000000
0.160000 -0.140000 0.000000
0.100000 0.160000 0.000000
-0.380000 0.650000 -0.690000
0.000000 0.050000 0.160000
-0.130000 0.250000 0.010000
0.000000 0.000000 0.000000
0.000000 0.000000 0.000000
-0.190000 -0.250000 0.690000
0.640000 0.210000 0.000000
0.140000 0.000000 -0.235000
0.000000 0.000000 0.000000
0.000000 0.000000 0.000000
1.519999 -0.060000 0.100000
-2.099999 0.000000 0.000000
0.370000 0.000000 0.000000
-0.200000 0.160000 -0.060000
-0.180000 0.000000 0.000000
-0.510000 0.000000 0.000000
-1.579999 0.000000 0.000000
0.000000 -10.900005 0.000000


0 0 0 12 0 1.009999 1.000000
0.000000 0.000000 0.000000
-0.560000 0.000000 0.000000
0.010000 0.000000 0.000000
0.160000 -0.090000 0.000000
0.100000 0.090000 0.000000
-0.380000 0.650000 -0.690000
0.000000 0.050000 0.160000
-0.130000 0.250000 0.010000
0.000000 0.000000 0.000000
0.000000 0.000000 0.000000
-0.230000 -0.125000 0.345000
0.370000 0.210000 0.000000
0.140000 0.000000 -0.235000
0.000000 0.000000 0.000000
0.000000 0.000000 0.000000
1.359999 -0.060000 0.050000
-0.909999 0.000000 0.000000
-0.410000 0.000000 0.000000
0.000000 -0.000000 -0.050000
-0.660000 0.000000 0.000000
-0.340000 0.000000 0.000000
-1.579999 0.000000 0.000000
0.000000 -7.099996 0.000000


0 0 0 4 0 1.009999 1.000000
0.000000 0.000000 0.000000
-0.510000 0.000000 0.000000
0.010000 0.000000 0.000000
0.160000 0.000000 0.000000
0.100000 0.000000 0.000000
-0.380000 0.650000 -0.690000
0.000000 0.050000 0.160000
-0.130000 0.250000 0.010000
0.000000 0.000000 0.000000
0.000000 0.000000 0.000000
0.040000 -0.250000 0.410000
1.199999 0.420000 0.000000
0.280000 0.000000 -0.470000
0.000000 0.000000 0.000000
0.000000 0.000000 0.000000
1.339999 -0.090000 0.000000
-1.359999 0.000000 0.000000
0.600000 0.000000 0.000000
-0.020000 -0.000000 -0.070000
-0.980000 0.000000 0.000000
0.010000 0.000000 0.000000
-1.579999 0.000000 0.000000
0.000000 -10.900005 0.000000


3 0 3 -1 -1 -1 -1 9 300 0.000000
0 1 0 8 1 0.310000 1.000000
0.000000 0.000000 0.000000
-0.050000 0.000000 0.000000
-0.150000 0.000000 0.000000
-0.310000 0.000000 -0.050000
0.410000 0.000000 0.000000
-0.180000 0.000000 -0.650000
0.540000 0.300000 0.180000
-0.130000 0.310000 0.010000
0.000000 0.100000 0.000000
0.000000 0.000000 0.000000
1.049999 0.000000 0.520000
0.000000 0.000000 -0.550000
0.000000 0.000000 -0.240000
0.000000 0.000000 0.000000
0.000000 0.000000 0.000000
0.200000 -0.130000 0.220000
-1.109999 0.140000 0.000000
0.600000 0.000000 -0.050000
0.760000 0.250000 -0.080000
-1.129999 -0.060000 -0.090000
0.440000 0.000000 0.320000
-1.579999 0.000000 0.000000
0.000000 -9.299999 0.000000
6


0 1 0 10 0 1.009999 1.009999
0.000000 5.099999 0.000000
-0.350000 0.000000 0.000000
0.010000 0.000000 0.000000
0.160000 0.010000 0.000000
0.100000 0.000000 0.000000
-0.380000 0.650000 -0.690000
0.000000 0.050000 0.160000
-0.130000 0.250000 0.010000
0.000000 0.000000 0.000000
0.000000 0.000000 0.000000
-0.190000 -0.250000 0.690000
0.640000 0.210000 0.000000
0.140000 0.000000 -0.235000
0.000000 0.000000 0.000000
0.000000 0.000000 0.000000
1.519999 -0.060000 0.100000
-2.099999 0.000000 0.000000
0.370000 0.000000 0.000000
-0.200000 0.160000 -0.060000
-0.180000 0.000000 0.000000
-0.510000 0.000000 0.000000
-1.579999 0.000000 0.000000
0.000000 -10.900005 0.000000


0 0 0 20 0 1.009999 1.009999
0.000000 0.000000 -0.000000
-0.350000 0.000000 0.000000
0.010000 0.000000 0.000000
0.160000 0.010000 0.000000
0.100000 0.000000 0.000000
-0.380000 0.650000 -0.690000
0.000000 0.050000 0.160000
-0.130000 0.250000 0.010000
0.000000 0.000000 0.000000
0.000000 0.000000 0.000000
-0.190000 -0.250000 0.690000
0.640000 0.210000 0.000000
0.140000 0.000000 -0.235000
0.000000 0.000000 0.000000
0.000000 0.000000 0.000000
1.519999 -0.060000 0.100000
-2.099999 0.000000 0.000000
0.370000 0.000000 0.000000
-0.200000 0.160000 -0.060000
-0.180000 0.000000 0.000000
-0.510000 0.000000 0.000000
-1.579999 0.000000 0.000000
0.000000 -10.900005 0.000000


2 0 3 -1 -1 -1 -1 4 300 0.000000
0 1 0 3 0 0.000000 1.000000
0.000000 0.000000 0.000000
-0.050000 0.000000 0.000000
-0.150000 0.000000 0.000000
-0.310000 0.000000 -0.050000
0.410000 0.000000 0.000000
-0.180000 0.000000 -0.650000
0.540000 0.300000 0.180000
-0.130000 0.310000 0.010000
0.000000 0.100000 0.000000
0.000000 0.000000 0.000000
1.049999 0.000000 0.520000
0.000000 0.000000 -0.550000
0.000000 0.000000 -0.240000
0.000000 0.000000 0.000000
0.000000 0.000000 0.000000
0.200000 -0.130000 0.220000
-1.109999 0.140000 0.000000
0.600000 0.000000 -0.050000
0.760000 0.250000 -0.080000
-1.129999 -0.060000 -0.090000
0.440000 0.000000 0.320000
-1.579999 0.000000 0.000000
0.000000 -9.299999 0.000000


0 1 0 25 0 0.000000 1.000000
0.000000 0.000000 0.000000
-0.050000 0.000000 0.000000
-0.150000 0.000000 0.000000
-0.310000 0.000000 -0.050000
0.410000 0.000000 0.000000
-0.180000 0.000000 -0.650000
0.540000 0.300000 0.180000
-0.130000 0.310000 0.010000
0.000000 0.100000 0.000000
0.000000 0.000000 0.000000
1.049999 0.000000 0.520000
0.000000 0.000000 -0.550000
0.000000 0.000000 -0.240000
0.000000 0.000000 0.000000
0.000000 0.000000 0.000000
0.200000 -0.130000 0.220000
-1.109999 0.140000 0.000000
0.600000 0.000000 -0.050000
0.760000 0.250000 -0.080000
-1.129999 -0.060000 -0.090000
0.440000 0.000000 0.320000
-1.579999 0.000000 0.000000
0.000000 -9.299999 0.000000


2 -1 3 -1 -1 -1 -1 -1 300 0.000000
0 0 0 15 0 1.009999 1.009999
0.000000 0.000000 -0.000000
0.010000 0.000000 0.000000
-0.010000 -0.000000 0.000000
-0.160000 0.010000 0.000000
-0.100000 0.000000 0.000000
-0.380000 0.650000 -0.690000
0.000000 0.050000 0.160000
-0.130000 0.250000 0.010000
0.000000 0.000000 0.000000
0.000000 0.000000 0.000000
-0.190000 -0.250000 0.690000
0.640000 0.210000 0.000000
0.140000 0.000000 -0.235000
0.000000 0.000000 0.000000
0.000000 0.000000 0.000000
0.000000 -0.060000 0.100000
-0.400000 0.000000 0.000000
-0.510000 0.000000 0.000000
0.200000 0.160000 -0.060000
-0.180000 0.000000 0.000000
-0.510000 0.000000 0.000000
-1.579999 0.000000 0.000000
0.000000 4.199998 0.000000


0 0 0 15 0 1.009999 1.009999
0.000000 0.000000 -0.000000
0.010000 0.000000 0.000000
-0.010000 -0.000000 0.000000
-0.160000 0.010000 0.000000
-0.100000 0.000000 0.000000
-0.380000 0.650000 -0.690000
0.000000 0.050000 0.160000
-0.130000 0.250000 0.010000
0.000000 0.000000 0.000000
0.000000 0.000000 0.000000
-0.190000 -0.250000 0.690000
0.640000 0.210000 0.000000
0.140000 0.000000 -0.235000
0.000000 0.000000 0.000000
0.000000 0.000000 0.000000
0.000000 -0.060000 0.100000
-0.400000 0.000000 0.000000
-0.510000 0.000000 0.000000
0.200000 0.160000 -0.060000
-0.180000 0.000000 0.000000
-0.510000 0.000000 0.000000
-1.579999 0.000000 0.000000
0.000000 4.199998 0.000000


2 -1 3 -1 -1 2 31 300 300 450.000000
0 4 0 3 1 0.000000 0.150000
0.000000 0.000000 1.000001
-0.660000 0.000000 0.000000
-0.060000 0.000000 0.000000
-0.060000 0.010000 0.000000
0.300000 0.000000 0.000000
-0.380000 0.930000 -1.190000
0.860000 0.440000 0.320000
-0.150000 0.080000 0.010000
-0.060000 0.090000 0.000000
0.000000 0.000000 0.000000
-0.190000 -0.250000 0.690000
0.640000 0.210000 0.000000
0.140000 0.000000 -0.235000
0.000000 0.000000 0.000000
0.000000 0.000000 0.000000
1.519999 -0.060000 0.100000
-2.099999 0.000000 0.000000
0.370000 0.000000 0.000000
-0.200000 0.160000 -0.060000
-0.180000 0.000000 0.000000
-0.510000 0.000000 0.000000
-1.579999 0.000000 0.000000
0.000000 -15.500023 0.000000
0


0 6 0 6 1 0.000000 0.150000
0.000000 0.000000 0.500000
-0.660000 0.000000 0.000000
-0.060000 0.000000 0.000000
-0.060000 0.010000 0.000000
0.300000 0.000000 0.000000
-0.380000 0.930000 -1.190000
0.860000 0.440000 0.320000
-0.150000 0.080000 0.010000
-0.060000 0.090000 0.000000
0.000000 0.000000 0.000000
-0.190000 -0.250000 0.690000
0.640000 0.210000 0.000000
0.140000 0.000000 -0.235000
0.000000 0.000000 0.000000
0.000000 0.000000 0.000000
1.519999 -0.060000 0.100000
-2.099999 0.000000 0.000000
0.370000 0.000000 0.000000
-0.200000 0.160000 -0.060000
-0.180000 0.000000 0.000000
-0.510000 0.000000 0.000000
-1.579999 0.000000 0.000000
0.000000 -15.000021 0.000000
7


2 0 3 -1 -1 -1 -1 3 300 0.000000
0 0 0 15 0 0.010000 1.009999
0.000000 0.000000 -0.000000
0.010000 0.000000 0.000000
-0.010000 -0.000000 0.000000
-0.160000 0.010000 0.000000
-0.100000 0.000000 0.000000
-0.380000 0.650000 -0.690000
0.000000 0.050000 0.160000
-0.130000 0.250000 0.010000
0.000000 0.000000 0.000000
0.000000 0.000000 0.000000
-0.190000 -0.250000 0.690000
0.640000 0.210000 0.000000
0.140000 0.000000 -0.235000
0.000000 0.000000 0.000000
0.000000 0.000000 0.000000
0.000000 -0.060000 0.100000
-0.400000 0.000000 0.000000
-0.510000 0.000000 0.000000
0.200000 0.160000 -0.060000
-0.180000 0.000000 0.000000
-0.510000 0.000000 0.000000
-1.579999 0.000000 0.000000
0.000000 15.000021 0.000000


0 0 0 5 0 0.010000 1.009999
0.000000 0.000000 -0.000000
0.010000 0.000000 0.000000
-0.010000 -0.000000 0.000000
-0.160000 0.010000 0.000000
-0.100000 0.000000 0.000000
-0.380000 0.650000 -0.690000
0.000000 0.050000 0.160000
-0.130000 0.250000 0.010000
0.000000 0.000000 0.000000
0.000000 0.000000 0.000000
-0.190000 -0.250000 0.690000
0.640000 0.210000 0.000000
0.140000 0.000000 -0.235000
0.000000 0.000000 0.000000
0.000000 0.000000 0.000000
0.000000 -0.060000 0.100000
-0.400000 0.000000 0.000000
-0.510000 0.000000 0.000000
0.200000 0.160000 -0.060000
-0.180000 0.000000 0.000000
-0.510000 0.000000 0.000000
-1.579999 0.000000 0.000000
0.000000 15.000021 0.000000


3 0 3 -1 -1 10 50 300 300 0.000000
0 6 0 5 3 0.000000 1.009999
0.000000 0.000000 3.500000
-0.660000 0.000000 0.000000
-0.060000 0.000000 0.000000
-0.060000 0.010000 0.000000
0.300000 0.000000 0.000000
-0.380000 0.930000 -1.190000
0.860000 0.440000 0.320000
-0.150000 0.080000 0.010000
-0.060000 0.090000 0.000000
0.000000 0.000000 0.000000
-0.190000 -0.250000 0.690000
0.640000 0.210000 0.000000
0.140000 0.000000 -0.235000
0.000000 0.000000 0.000000
0.000000 0.000000 0.000000
1.519999 -0.060000 0.100000
-2.099999 0.000000 0.000000
0.370000 0.000000 0.000000
-0.200000 0.160000 -0.060000
-0.180000 0.000000 0.000000
-0.510000 0.000000 0.000000
-1.579999 0.000000 0.000000
0.000000 -15.500023 0.000000
2
0
5


0 26 0 10 1 0.000000 1.009999
0.000000 0.000000 2.500001
-0.660000 0.000000 0.000000
-0.060000 0.000000 0.000000
-0.060000 0.010000 0.000000
0.300000 0.000000 0.000000
-0.380000 0.930000 -1.190000
0.860000 0.440000 0.320000
-0.150000 0.080000 0.010000
-0.060000 0.090000 0.000000
0.000000 0.000000 0.000000
-0.190000 -0.250000 0.690000
0.640000 0.210000 0.000000
0.140000 0.000000 -0.235000
0.000000 0.000000 0.000000
0.000000 0.000000 0.000000
1.519999 -0.060000 0.100000
-2.099999 0.000000 0.000000
0.370000 0.000000 0.000000
-0.200000 0.160000 -0.060000
-0.180000 0.000000 0.000000
-0.510000 0.000000 0.000000
-1.579999 0.000000 0.000000
0.000000 -15.500023 0.000000
2


0 0 0 15 0 0.010000 0.210000
0.000000 0.000000 10.000003
-0.410000 0.000000 0.000000
-0.140000 0.000000 0.000000
-0.230000 0.010000 0.000000
-0.210000 0.000000 0.000000
-0.380000 0.930000 -1.190000
0.860000 0.440000 0.320000
-0.150000 0.080000 0.010000
-0.060000 0.090000 0.000000
0.000000 0.000000 0.000000
-0.190000 -0.250000 0.690000
0.640000 0.210000 0.000000
0.140000 0.000000 -0.235000
0.000000 0.000000 0.000000
0.000000 0.000000 0.000000
1.889999 -0.060000 0.100000
-2.129999 0.000000 0.000000
0.370000 0.000000 0.000000
0.020000 0.210000 -0.500000
-1.119999 0.000000 0.190000
0.550000 0.240000 0.410000
-1.579999 0.000000 0.000000
0.000000 -21.500046 0.000000


5 -1 3 -1 -1 -1 -1 25 300 0.000000
0 0 0 3 3 0.000000 3.009998
0.000000 0.000000 0.000000
0.000000 0.660000 0.000000
-0.090000 -0.250000 0.000000
0.020000 -0.250000 0.000000
-0.060000 0.000000 0.000000
0.000000 0.000000 -0.210000
1.269999 0.000000 0.000000
0.000000 0.000000 -0.270000
0.000000 0.000000 0.000000
0.000000 0.000000 0.000000
-0.270000 1.129999 1.919999
0.000000 0.000000 1.699999
0.000000 0.000000 0.000000
0.000000 0.000000 1.049999
0.000000 0.000000 0.000000
0.390000 -0.420000 0.290000
-0.590000 0.000000 0.000000
0.180000 0.000000 0.000000
0.110000 -0.120000 -0.290000
-0.380000 0.000000 0.000000
0.180000 0.000000 0.000000
-1.419999 0.000000 0.000000
0.000000 -3.599999 0.000000
20
2
0


0 0 0 5 2 0.000000 1.000000
0.000000 0.000000 0.000000
-0.060000 0.660000 -0.020000
-0.090000 -0.250000 0.000000
0.020000 -0.250000 0.000000
-0.060000 0.000000 0.000000
0.080000 0.320000 -0.740000
1.369999 -0.210000 -0.140000
0.000000 0.000000 -0.270000
0.000000 0.000000 0.000000
0.000000 0.000000 0.000000
-0.650000 1.129999 1.539999
0.000000 0.000000 1.699999
0.000000 0.000000 0.000000
0.000000 0.000000 1.049999
0.000000 0.000000 0.000000
0.560000 -0.420000 0.290000
-0.760000 0.000000 0.000000
0.180000 0.000000 0.000000
-0.090000 -0.120000 -0.290000
-0.380000 0.000000 0.000000
0.180000 0.000000 0.000000
-1.419999 0.000000 0.000000
0.000000 -3.599999 5.099998
20
2


0 0 0 5 1 0.000000 1.000000
0.000000 0.000000 0.000000
-0.110000 0.660000 -0.050000
-0.070000 -0.250000 0.000000
0.040000 -0.250000 0.000000
-0.030000 0.000000 0.000000
0.080000 0.320000 -0.740000
1.369999 -0.210000 -0.140000
0.000000 0.000000 -0.270000
0.000000 0.000000 0.000000
0.000000 0.000000 0.000000
-0.650000 1.129999 1.539999
0.000000 0.000000 1.699999
0.000000 0.000000 0.000000
0.000000 0.000000 1.049999
0.000000 0.000000 0.000000
1.080000 -0.420000 0.290000
-1.220000 0.000000 0.000000
0.180000 0.000000 0.000000
-0.090000 -0.470000 -0.290000
-0.780000 0.000000 0.000000
0.680000 0.000000 0.190000
-1.419999 0.000000 0.000000
0.000000 -9.900002 0.800001
20


0 0 0 30 1 0.000000 1.000000
0.000000 0.000000 0.000000
-0.110000 0.660000 -0.050000
-0.070000 -0.250000 0.000000
0.040000 -0.250000 0.000000
-0.030000 0.000000 0.000000
0.080000 0.320000 -0.740000
1.369999 -0.210000 -0.140000
0.000000 0.000000 -0.270000
0.000000 0.000000 0.000000
0.000000 0.000000 0.000000
-0.650000 1.129999 1.539999
0.000000 0.000000 1.699999
0.000000 0.000000 0.000000
0.000000 0.000000 1.049999
0.000000 0.000000 0.000000
1.080000 -0.420000 0.290000
-1.220000 0.000000 0.000000
0.180000 0.000000 0.000000
-0.090000 -0.470000 -0.290000
-0.780000 0.000000 0.000000
0.680000 0.000000 0.190000
-1.419999 0.000000 0.000000
0.000000 -9.900002 0.800001
20


0 0 0 30 1 0.000000 1.000000
0.000000 0.000000 0.000000
-0.110000 0.660000 -0.050000
-0.070000 -0.250000 0.000000
0.040000 -0.250000 0.000000
-0.030000 0.000000 0.000000
0.080000 0.320000 -0.740000
1.369999 -0.210000 -0.140000
0.000000 0.000000 -0.270000
0.000000 0.000000 0.000000
0.000000 0.000000 0.000000
-0.650000 1.129999 1.539999
0.000000 0.000000 1.699999
0.000000 0.000000 0.000000
0.000000 0.000000 1.049999
0.000000 0.000000 0.000000
1.080000 -0.420000 0.290000
-1.220000 0.000000 0.000000
0.180000 0.000000 0.000000
-0.090000 -0.470000 -0.290000
-0.780000 0.000000 0.000000
0.680000 0.000000 0.190000
-1.419999 0.000000 0.000000
0.000000 -9.900002 0.800001
20


4 0 3 -1 -1 -1 -1 37 300 0.000000
0 0 2 2 1 0.000000 1.000000
0.000000 0.000000 0.000000
-0.110000 0.000000 -0.050000
-0.200000 -0.160000 0.000000
-0.110000 -0.210000 0.000000
0.060000 0.160000 0.000000
0.000000 -1.364999 -1.914999
0.640000 -0.770000 0.000000
0.000000 0.210000 0.000000
0.000000 0.000000 0.000000
0.000000 0.000000 0.000000
-0.120000 -0.690000 0.580000
1.909999 0.000000 -0.370000
0.000000 0.000000 0.000000
0.000000 0.000000 1.049999
0.000000 0.000000 0.000000
1.080000 -0.050000 0.360000
-1.220000 0.000000 0.000000
0.180000 0.000000 0.000000
-0.090000 -0.000000 -0.290000
-0.780000 0.000000 0.000000
0.680000 0.000000 0.190000
-1.419999 0.000000 0.000000
0.000000 -9.900002 0.800001
21


0 0 0 3 1 0.000000 1.000000
0.000000 0.000000 0.000000
-0.110000 0.100000 -0.050000
0.000000 0.000000 -0.030000
0.000000 0.150000 -0.020000
0.060000 -0.150000 0.000000
-3.053188 0.000000 -0.830000
0.430000 -2.879998 -0.110000
-0.780000 0.210000 0.000000
0.000000 0.000000 0.000000
0.000000 0.000000 0.000000
-0.120000 -0.690000 0.580000
1.909999 0.000000 -0.370000
0.000000 0.000000 0.000000
0.000000 0.000000 0.000000
0.000000 0.000000 0.000000
1.080000 -0.050000 0.360000
-1.220000 0.000000 0.000000
0.180000 0.000000 0.000000
-0.090000 -0.000000 -0.290000
-0.780000 0.000000 0.000000
0.680000 0.000000 0.190000
-1.839999 0.000000 0.000000
0.000000 -9.900002 0.800001
21


0 0 0 5 1 0.000000 1.000000
0.000000 0.000000 0.000000
-0.080000 0.190000 -0.050000
0.000000 0.050000 -0.030000
0.000000 0.150000 -0.020000
0.060000 -0.150000 0.000000
-3.053188 0.000000 -0.830000
0.430000 -2.879998 -0.110000
-0.780000 0.210000 0.000000
0.000000 0.000000 0.000000
0.000000 0.000000 0.000000
-0.120000 -0.690000 0.580000
1.909999 0.000000 -0.370000
0.000000 0.000000 0.000000
0.000000 0.000000 0.000000
0.000000 0.000000 0.000000
1.080000 -0.050000 0.360000
-1.220000 0.000000 0.000000
0.180000 0.000000 0.000000
-0.090000 -0.000000 -0.290000
-0.780000 0.000000 0.000000
0.680000 0.000000 0.190000
-1.839999 0.000000 0.000000
0.000000 -9.900002 0.800001
21


0 0 0 30 0 0.000000 1.000000
0.000000 0.000000 0.000000
-0.080000 0.190000 -0.050000
0.000000 0.050000 -0.030000
0.000000 0.150000 -0.020000
0.060000 -0.150000 0.000000
-3.053188 0.000000 -0.830000
0.430000 -2.879998 -0.110000
-0.780000 0.210000 0.000000
0.000000 0.000000 0.000000
0.000000 0.000000 0.000000
-0.120000 -0.690000 0.580000
1.909999 0.000000 -0.370000
0.000000 0.000000 0.000000
0.000000 0.000000 0.000000
0.000000 0.000000 0.000000
1.080000 -0.050000 0.360000
-1.220000 0.000000 0.000000
0.180000 0.000000 0.000000
-0.090000 -0.000000 -0.290000
-0.780000 0.000000 0.000000
0.680000 0.000000 0.190000
-1.839999 0.000000 0.000000
0.000000 -9.900002 0.800001


2 8 3 -1 -1 -1 -1 300 300 0.000000
0 0 0 5 2 0.000000 1.000000
0.000000 0.000000 0.000000
-0.060000 0.660000 -0.010000
0.030000 -0.250000 0.000000
0.210000 -0.250000 0.000000
-0.040000 0.000000 0.000000
0.080000 0.320000 -0.740000
1.369999 -0.210000 -0.140000
0.000000 0.000000 -0.270000
0.000000 0.000000 0.000000
0.000000 0.000000 0.000000
-0.650000 1.129999 1.539999
0.000000 0.000000 1.699999
0.000000 0.000000 0.000000
0.000000 0.000000 1.049999
0.000000 0.000000 0.000000
1.080000 -0.420000 0.290000
-1.220000 0.000000 0.000000
0.180000 0.000000 0.000000
-0.090000 -0.470000 -0.290000
-0.780000 0.000000 0.000000
0.680000 0.000000 0.190000
-1.419999 0.000000 0.000000
0.000000 -9.900002 0.800001
20
2


0 0 0 5 2 0.000000 1.000000
0.000000 0.000000 0.000000
-0.030000 0.660000 0.020000
0.160000 -0.250000 0.000000
0.200000 -0.250000 0.000000
-0.460000 0.000000 0.000000
0.080000 0.320000 -0.740000
1.369999 -0.210000 -0.140000
0.000000 0.000000 -0.270000
0.000000 0.000000 0.000000
0.000000 0.000000 0.000000
-0.650000 1.129999 1.539999
0.000000 0.000000 1.699999
0.000000 0.000000 0.000000
0.000000 0.000000 1.049999
0.000000 0.000000 0.000000
1.080000 -0.420000 0.290000
-1.220000 0.000000 0.000000
0.180000 0.000000 0.000000
-0.090000 -0.470000 -0.290000
-0.780000 0.000000 0.000000
0.680000 0.000000 0.190000
-1.419999 0.000000 0.000000
0.000000 -9.900002 0.800001
20
2


2 0 3 -1 -1 -1 -1 -1 300 0.000000
0 0 2 5 1 0.000000 3.009998
0.000000 0.000000 8.099995
-0.180000 0.110000 0.000000
0.230000 0.110000 0.000000
0.310000 0.110000 0.000000
-0.320000 -0.310000 0.000000
2.399998 0.290000 0.005000
0.000000 0.000000 0.160000
-0.150000 0.320000 0.010000
-0.060000 0.090000 0.000000
0.000000 0.000000 0.000000
-0.467500 -0.062500 0.452500
1.679999 0.000000 0.000000
0.000000 0.000000 0.000000
0.000000 0.000000 0.000000
0.000000 0.000000 0.000000
0.950000 -0.060000 0.100000
-1.284999 0.000000 0.000000
0.215000 0.000000 0.000000
-0.090000 -0.010000 -0.230000
-0.310000 0.000000 0.190000
0.600000 0.000000 0.000000
-1.579999 0.000000 0.000000
0.000000 -6.899995 0.000000
2


0 0 2 175 1 0.000000 3.009998
0.000000 0.000000 8.099995
0.020000 0.110000 0.000000
0.230000 0.110000 0.000000
0.310000 0.110000 0.000000
-0.320000 -0.310000 0.000000
2.399998 0.290000 0.005000
0.000000 0.000000 0.160000
-0.150000 0.320000 0.010000
-0.060000 0.090000 0.000000
0.000000 0.000000 0.000000
-0.467500 -0.062500 0.452500
1.679999 0.000000 0.000000
0.000000 0.000000 0.000000
0.000000 0.000000 0.000000
0.000000 0.000000 0.000000
0.950000 -0.060000 0.100000
-0.904999 0.000000 0.000000
0.215000 0.000000 0.000000
0.100000 -0.010000 -0.230000
-0.800000 0.000000 0.190000
0.600000 0.000000 0.000000
-1.579999 0.000000 0.000000
0.000000 -6.799995 -5.599997
2


4 0 3 -1 -1 -1 -1 300 300 0.000000
0 1 0 3 0 0.000000 0.300001
0.000000 0.000000 -4.999998
0.220000 0.000000 0.000000
-0.050000 0.000000 0.000000
-0.050000 0.000000 0.000000
-0.110000 0.000000 0.000000
-0.380000 0.060000 -0.390000
0.000000 0.050000 0.160000
-0.130000 0.250000 0.010000
0.000000 0.000000 0.000000
0.000000 0.000000 0.000000
0.160000 0.000000 0.270000
0.000000 0.000000 -0.100000
0.000000 0.000000 0.000000
0.000000 0.000000 0.000000
0.000000 0.000000 0.000000
0.390000 0.010000 0.290000
-0.590000 0.000000 0.000000
0.180000 0.000000 0.000000
0.110000 0.000000 -0.290000
-0.380000 0.000000 0.000000
0.180000 0.000000 0.000000
-1.579999 0.000000 0.000000
0.000000 -3.099999 0.000000


0 1 0 15 0 0.000000 0.300001
0.000000 0.000000 0.000000
0.220000 0.000000 0.000000
-0.310000 0.130000 0.000000
-0.260000 0.200000 0.000000
-0.290000 0.140000 0.000000
0.000000 1.019999 -0.750000
0.849999 0.000000 0.000000
-0.130000 -0.530000 0.010000
0.000000 0.000000 0.000000
0.000000 0.000000 0.000000
0.160000 0.510000 0.570000
0.869999 0.000000 -0.100000
0.000000 0.000000 0.000000
0.000000 0.000000 0.000000
0.000000 0.000000 0.000000
0.340000 0.230000 0.090000
-0.590000 0.000000 0.000000
0.180000 0.000000 0.000000
-0.320000 0.340000 -0.290000
-0.130000 0.000000 0.000000
0.180000 0.000000 0.000000
-1.579999 0.000000 0.000000
0.000000 -3.099999 0.000000


0 1 0 5 0 0.000000 0.300001
0.000000 0.000000 0.000000
0.060000 0.110000 0.000000
-0.360000 0.310000 0.000000
-0.310000 0.310000 0.000000
-0.340000 0.310000 0.000000
0.000000 1.019999 -0.750000
0.849999 0.000000 0.000000
-0.130000 -0.530000 0.010000
0.000000 0.000000 0.000000
0.000000 0.000000 0.000000
0.160000 0.510000 0.570000
0.869999 0.000000 -0.100000
0.000000 0.000000 0.000000
0.000000 0.000000 0.000000
0.000000 0.000000 0.000000
1.049999 0.230000 0.220000
-1.329999 0.000000 0.000000
0.160000 0.000000 0.000000
-0.320000 0.340000 -0.450000
-0.899999 0.000000 0.000000
0.700000 0.000000 0.260000
-1.579999 0.000000 0.000000
0.000000 -12.500011 0.000000


0 1 0 67 0 0.000000 0.300001
0.000000 0.000000 0.000000
0.010000 0.160000 0.000000
-0.360000 0.310000 0.000000
-0.360000 0.360000 0.000000
-0.440000 0.410000 0.000000
0.000000 1.019999 -0.750000
0.849999 0.000000 0.000000
-0.130000 -0.530000 0.010000
0.000000 0.000000 0.000000
0.000000 0.000000 0.000000
0.160000 0.510000 0.570000
0.869999 0.000000 -0.100000
0.000000 0.000000 0.000000
0.000000 0.000000 0.000000
0.000000 0.000000 0.000000
1.049999 0.230000 0.220000
-1.329999 0.000000 0.000000
0.160000 0.000000 0.000000
-0.320000 0.160000 -0.310000
-0.899999 0.000000 0.000000
0.700000 0.000000 0.260000
-1.579999 0.000000 0.000000
0.000000 -12.500011 0.000000


3 -1 14 -1 -1 -1 -1 300 300 0.000000
0 16 0 10 0 0.000000 0.300001
0.000000 0.200000 -0.100000
0.730000 0.000000 0.000000
-0.310000 0.130000 0.000000
-0.260000 0.200000 0.000000
-0.290000 0.140000 0.000000
0.000000 1.019999 -0.750000
0.849999 0.000000 0.000000
-0.130000 -0.530000 0.010000
0.000000 0.000000 0.000000
0.000000 0.000000 0.000000
0.160000 0.310000 0.570000
0.869999 0.000000 -0.100000
0.000000 0.000000 0.000000
0.000000 0.000000 0.000000
0.000000 0.000000 0.000000
0.340000 0.230000 0.090000
-0.590000 0.000000 0.000000
0.180000 0.000000 0.000000
-0.320000 0.340000 -0.290000
-0.130000 0.000000 0.000000
0.180000 0.000000 0.000000
-1.579999 0.000000 0.000000
0.000000 -5.299997 0.000000


0 20 0 10 0 0.000000 0.300001
0.000000 0.200000 -0.100000
0.979999 0.000000 0.000000
0.310000 0.000000 0.000000
0.260000 0.000000 0.000000
0.290000 0.140000 0.000000
0.000000 0.510000 -0.914999
0.225000 0.000000 0.000000
-0.760000 -0.530000 0.010000
0.000000 0.000000 0.000000
0.000000 0.000000 0.000000
0.160000 0.310000 0.570000
0.434999 0.000000 -0.050000
0.000000 0.000000 0.000000
0.000000 0.000000 0.000000
0.000000 0.000000 0.000000
0.340000 0.230000 0.090000
-0.590000 0.000000 0.000000
0.180000 0.000000 0.000000
-0.320000 0.340000 -0.290000
-0.130000 0.000000 0.000000
0.180000 0.000000 0.000000
-1.579999 0.000000 0.000000
0.000000 -10.000002 0.000000


0 16 0 10 0 0.000000 0.300001
0.000000 0.200000 -0.100000
1.579999 0.000000 0.000000
0.155000 0.000000 0.000000
0.130000 0.000000 0.000000
0.145000 0.140000 0.000000
0.000000 0.000000 -1.339999
0.714999 -0.939999 0.000000
-0.760000 -0.530000 0.010000
0.000000 0.000000 0.000000
0.000000 0.000000 0.000000
0.160000 0.310000 0.570000
0.434999 0.000000 -0.050000
0.000000 0.000000 0.000000
0.000000 0.000000 0.000000
0.000000 0.000000 0.000000
0.420000 0.100000 0.120000
-0.590000 0.000000 0.000000
-0.200000 0.000000 0.000000
0.100000 0.130000 -0.250000
-0.130000 0.000000 0.000000
-0.160000 0.000000 0.000000
-1.579999 0.000000 0.000000
0.000000 -36.000023 0.000000


6 15 14 -1 -1 -1 -1 300 300 0.000000
0 1 0 3 0 0.000000 0.300001
0.000000 0.000000 0.000000
1.549999 0.000000 0.000000
-0.110000 0.000000 0.000000
-0.190000 0.000000 0.000000
-0.090000 0.000000 0.000000
0.000000 0.000000 -1.339999
0.714999 -0.939999 0.000000
-0.760000 -0.530000 0.010000
0.000000 0.000000 0.000000
0.000000 0.000000 0.000000
0.160000 0.310000 0.570000
0.434999 0.000000 -0.050000
0.000000 0.000000 0.000000
0.000000 0.000000 0.000000
0.000000 0.000000 0.000000
0.420000 0.100000 0.120000
-0.590000 0.000000 0.000000
-0.200000 0.000000 0.000000
0.310000 0.130000 -0.250000
-0.130000 0.000000 0.000000
-0.160000 0.000000 0.000000
-1.579999 0.000000 0.000000
0.000000 -42.899918 0.000000


0 1 0 3 0 0.000000 0.300001
0.000000 0.000000 0.000000
1.579999 0.000000 0.000000
0.000000 0.000000 0.000000
0.000000 0.000000 0.000000
0.000000 0.000000 0.000000
0.000000 0.510000 -1.339999
0.740000 0.000000 0.000000
0.000000 -0.949999 0.740000
0.000000 0.000000 0.000000
0.000000 0.000000 0.000000
1.019999 -1.459999 0.410000
0.434999 0.000000 -0.220000
0.000000 0.000000 0.000000
0.000000 0.000000 0.000000
0.000000 0.000000 0.000000
0.250000 -0.400000 0.120000
-0.590000 0.000000 0.000000
-0.200000 0.000000 0.000000
0.100000 0.130000 -0.250000
-0.130000 0.000000 0.000000
-0.160000 0.000000 0.000000
-2.919998 -1.029999 0.380000
0.000000 -42.899918 0.000000


0 1 0 15 0 0.000000 0.300001
0.000000 0.000000 0.000000
1.549999 0.000000 0.000000
-0.110000 0.000000 0.000000
-0.190000 0.000000 0.000000
-0.090000 0.000000 0.000000
0.000000 0.000000 -1.339999
0.714999 -0.939999 0.000000
-0.760000 -0.530000 0.010000
0.000000 0.000000 0.000000
0.000000 0.000000 0.000000
0.160000 0.310000 0.570000
0.434999 0.000000 -0.050000
0.000000 0.000000 0.000000
0.000000 0.000000 0.000000
0.000000 0.000000 0.000000
0.420000 0.100000 0.120000
-0.590000 0.000000 0.000000
-0.200000 0.000000 0.000000
0.310000 0.130000 -0.250000
-0.130000 0.000000 0.000000
-0.160000 0.000000 0.000000
-1.579999 0.000000 0.000000
0.000000 -37.599998 0.000000


0 1 0 5 0 0.000000 0.300001
0.000000 0.000000 0.000000
1.579999 0.000000 0.000000
0.000000 0.000000 0.000000
0.000000 0.000000 0.000000
0.000000 0.000000 0.000000
0.000000 0.510000 -1.339999
0.740000 0.000000 0.000000
0.000000 -0.949999 0.740000
0.000000 0.000000 0.000000
0.000000 0.000000 0.000000
1.019999 -1.459999 0.410000
0.434999 0.000000 -0.220000
0.000000 0.000000 0.000000
0.000000 0.000000 0.000000
0.000000 0.000000 0.000000
0.250000 -0.400000 0.120000
-0.590000 0.000000 0.000000
-0.200000 0.000000 0.000000
0.100000 0.130000 -0.250000
-0.130000 0.000000 0.000000
-0.160000 0.000000 0.000000
-2.919998 -1.029999 0.380000
0.000000 -42.899918 0.000000


0 1 0 180 1 0.000000 0.300001
0.000000 0.000000 0.000000
1.579999 0.000000 0.000000
0.000000 0.000000 0.000000
0.000000 0.000000 0.000000
0.000000 -1.129999 0.000000
0.000000 0.510000 -1.339999
0.740000 0.000000 0.000000
0.000000 -0.949999 0.740000
0.000000 0.000000 0.000000
0.000000 0.000000 0.000000
1.019999 -1.459999 0.410000
0.434999 0.000000 -0.220000
0.000000 0.000000 0.000000
0.000000 0.000000 0.000000
0.000000 0.000000 0.000000
0.250000 -0.400000 0.120000
-0.590000 0.000000 0.000000
-0.200000 0.000000 0.000000
0.100000 0.130000 -0.250000
-0.130000 0.000000 0.000000
-0.160000 0.000000 0.000000
-2.919998 -1.029999 0.380000
0.000000 -42.899918 0.000000
8


1 1 0 180 1 0.000000 0.300001
0.000000 0.000000 0.000000
1.579999 0.000000 0.000000
0.000000 0.000000 0.000000
0.000000 0.000000 0.000000
0.000000 -1.129999 0.000000
0.000000 0.510000 -1.339999
0.740000 0.000000 0.000000
0.000000 -0.949999 0.740000
0.000000 0.000000 0.000000
0.000000 0.000000 0.000000
1.019999 -1.459999 0.410000
0.434999 0.000000 -0.220000
0.000000 0.000000 0.000000
0.000000 0.000000 0.000000
0.000000 0.000000 0.000000
0.250000 -0.400000 0.120000
-0.590000 0.000000 0.000000
-0.200000 0.000000 0.000000
0.100000 0.130000 -0.250000
-0.130000 0.000000 0.000000
-0.160000 0.000000 0.000000
-2.919998 -1.029999 0.380000
0.000000 -42.899918 0.000000
8
0 0 0 0 0
0.000000 0.000000


6 -1 3 -1 -1 -1 -1 300 300 0.000000
0 1 0 5 0 0.000000 0.300001
0.000000 0.000000 0.000000
2.379998 0.000000 0.000000
-0.560000 0.000000 0.000000
-0.300000 0.000000 0.000000
-0.260000 0.000000 0.000000
2.359998 -0.310000 -0.310000
1.769999 0.000000 0.000000
0.000000 0.000000 1.829999
0.000000 0.000000 0.000000
0.000000 0.000000 0.000000
2.359998 0.300000 0.310000
1.769999 0.000000 0.000000
0.000000 0.000000 0.000000
0.000000 0.000000 0.000000
0.000000 0.000000 0.000000
1.289999 -0.400000 -0.110000
0.000000 0.000000 0.000000
-0.200000 0.000000 0.000000
1.269999 0.130000 -0.110000
0.000000 0.000000 0.000000
-0.160000 0.000000 0.000000
-1.579999 0.000000 -0.600000
0.000000 -42.599922 0.000000


0 6 0 5 0 0.000000 0.300001
0.000000 0.000000 -1.000000
-2.713188 0.000000 0.000000
-0.560000 0.000000 0.000000
-0.300000 0.000000 0.000000
-0.260000 0.000000 0.000000
2.359998 -0.310000 -0.310000
1.769999 0.000000 0.000000
0.000000 0.000000 1.829999
0.000000 0.000000 0.000000
0.000000 0.000000 0.000000
2.359998 0.300000 0.310000
1.769999 0.000000 0.000000
0.000000 0.000000 0.000000
0.000000 0.000000 0.000000
0.000000 0.000000 0.000000
1.289999 -0.200000 -0.060000
-2.399998 0.000000 0.110000
0.500000 0.000000 0.000000
1.269999 0.200000 -0.060000
-2.399998 0.000000 -0.110000
0.500000 0.000000 0.000000
-1.579999 0.000000 0.380000
0.000000 -15.200020 0.000000


0 0 0 5 0 0.000000 0.300001
0.000000 0.000000 -1.000000
-2.693188 0.000000 0.000000
-0.560000 0.000000 0.000000
-0.300000 0.000000 0.000000
-0.260000 0.000000 0.000000
2.359998 -0.310000 -0.310000
1.769999 0.000000 0.000000
0.000000 0.000000 1.829999
0.000000 0.000000 0.000000
0.000000 0.000000 0.000000
2.359998 0.300000 0.310000
1.769999 0.000000 0.000000
0.000000 0.000000 0.000000
0.000000 0.000000 0.000000
0.000000 0.000000 0.000000
1.289999 -0.200000 -0.060000
-2.399998 0.000000 0.110000
0.500000 0.000000 0.000000
1.269999 0.200000 -0.060000
-2.399998 0.000000 -0.110000
0.500000 0.000000 0.000000
-1.579999 0.000000 0.380000
0.000000 -15.200020 0.000000


0 1 0 5 0 0.000000 0.300001
0.000000 5.099998 -6.499996
-2.693188 0.000000 0.000000
-0.190000 0.000000 0.000000
0.120000 0.000000 0.000000
0.620000 0.000000 0.000000
3.039998 -0.150000 -0.160000
0.000000 0.000000 0.000000
0.000000 0.000000 0.000000
0.000000 0.000000 0.000000
0.000000 0.000000 0.000000
-3.033188 0.150000 0.155000
0.000000 0.000000 0.000000
0.000000 0.000000 0.000000
0.000000 0.000000 0.000000
0.000000 0.000000 0.000000
0.000000 0.000000 0.000000
0.000000 0.000000 0.000000
0.500000 0.000000 0.000000
0.000000 0.000000 0.000000
0.000000 0.000000 0.000000
0.500000 0.000000 0.000000
-1.579999 0.000000 0.380000
0.000000 -5.799995 0.000000


0 0 0 5 0 0.000000 0.300001
0.000000 0.000000 -1.000000
-1.453190 0.000000 0.000000
-0.190000 0.000000 0.000000
-0.090000 0.000000 0.000000
0.340000 0.000000 0.000000
3.039998 -0.150000 -0.160000
0.000000 0.000000 0.000000
0.000000 0.000000 0.000000
0.000000 0.000000 0.000000
0.000000 0.000000 0.000000
-3.033188 0.150000 0.155000
0.000000 0.000000 0.000000
0.000000 0.000000 0.000000
0.000000 0.000000 0.000000
0.000000 0.000000 0.000000
1.129999 0.000000 0.000000
-1.269999 0.000000 0.000000
-0.400000 0.000000 0.000000
1.129999 0.000000 0.000000
-1.269999 0.000000 0.000000
-0.400000 0.000000 0.000000
-1.579999 0.000000 0.380000
0.000000 -5.799995 0.000000


0 0 0 15 0 -0.000000 1.009999
0.000000 0.000000 -0.000000
0.010000 0.000000 0.000000
-0.010000 -0.000000 0.000000
-0.160000 0.010000 0.000000
-0.100000 0.000000 0.000000
-0.380000 0.650000 -0.690000
0.000000 0.050000 0.160000
-0.130000 0.250000 0.010000
0.000000 0.000000 0.000000
0.000000 0.000000 0.000000
-0.190000 -0.250000 0.690000
0.640000 0.210000 0.000000
0.140000 0.000000 -0.235000
0.000000 0.000000 0.000000
0.000000 0.000000 0.000000
0.000000 -0.060000 0.100000
-0.400000 0.000000 0.000000
-0.510000 0.000000 0.000000
0.200000 0.160000 -0.060000
-0.180000 0.000000 0.000000
-0.510000 0.000000 0.000000
-1.579999 0.000000 0.000000
0.000000 4.199998 0.000000


8 0 3 -1 -1 -1 -1 -1 300 0.000000
0 1 0 30 0 0.000000 1.000000
0.000000 0.000000 0.000000
0.000000 0.660000 0.000000
-0.090000 -0.250000 0.000000
0.020000 -0.250000 0.000000
-0.060000 0.000000 0.000000
-0.380000 0.060000 -0.390000
0.000000 0.050000 0.160000
-0.130000 0.250000 0.010000
0.000000 0.000000 0.000000
0.000000 0.000000 0.000000
0.160000 0.000000 0.270000
0.000000 0.000000 -0.100000
0.000000 0.000000 0.000000
0.000000 0.000000 0.000000
0.000000 0.000000 0.000000
0.390000 -0.420000 0.290000
-0.590000 0.000000 0.000000
0.180000 0.000000 0.000000
0.110000 -0.120000 -0.290000
-0.380000 0.000000 0.000000
0.180000 0.000000 0.000000
-1.579999 0.000000 0.000000
0.000000 -3.099999 0.000000


0 1 0 20 0 0.000000 1.000000
0.000000 0.000000 0.000000
0.000000 0.660000 0.000000
-0.090000 -0.250000 0.000000
0.020000 -0.250000 0.000000
-0.060000 0.000000 0.000000
-0.380000 0.060000 -0.390000
0.000000 0.050000 0.160000
-0.130000 0.250000 0.010000
0.000000 0.000000 0.000000
0.000000 0.000000 0.000000
0.160000 0.000000 0.270000
0.000000 0.000000 -0.100000
0.000000 0.000000 0.000000
0.000000 0.000000 0.000000
0.000000 0.000000 0.000000
0.390000 -0.420000 0.290000
-0.590000 0.000000 0.000000
0.180000 0.000000 0.000000
0.110000 -0.120000 -0.290000
-0.380000 0.000000 0.000000
0.180000 0.000000 0.000000
-1.579999 0.000000 0.000000
0.000000 -3.599999 0.000000


0 1 0 15 0 0.000000 1.000000
0.000000 0.000000 0.000000
-0.050000 0.000000 0.000000
-0.140000 -0.110000 0.030000
0.000000 -0.110000 0.030000
-0.120000 -0.120000 0.000000
-1.249999 0.000000 -0.350000
1.009999 0.300000 0.180000
-0.390000 0.310000 0.010000
0.000000 0.100000 0.000000
0.000000 0.000000 0.000000
0.180000 0.000000 0.400000
0.000000 -0.410000 -0.320000
0.000000 0.000000 0.000000
0.000000 0.000000 0.000000
0.000000 0.000000 0.000000
0.700000 -0.180000 0.290000
-0.840000 0.000000 0.000000
0.150000 0.000000 0.000000
0.400000 0.070000 -0.350000
-0.929999 0.000000 0.000000
0.500000 0.000000 0.240000
-1.579999 0.000000 0.000000
0.000000 -7.299995 0.000000


0 1 0 3 0 0.000000 1.000000
0.000000 0.000000 0.000000
-0.180000 0.200000 0.000000
-0.120000 -0.110000 -0.030000
0.020000 -0.110000 -0.030000
0.080000 -0.120000 0.000000
-0.800000 -0.090000 -0.650000
1.009999 0.300000 0.180000
-0.390000 0.310000 0.010000
0.000000 0.100000 -1.859999
-1.849999 1.429999 0.000000
0.580000 0.000000 0.400000
0.000000 -0.410000 -1.079999
0.000000 0.000000 0.000000
0.000000 0.000000 0.000000
0.000000 0.000000 0.000000
1.130000 -0.180000 0.290000
-0.980000 0.000000 0.000000
-0.180000 0.000000 0.000000
0.400000 0.070000 -0.350000
-0.999999 0.000000 0.000000
0.520000 0.000000 0.240000
-2.909998 1.669999 0.000000
0.000000 -6.499996 0.000000


0 1 0 3 0 0.000000 1.000000
0.000000 0.000000 0.000000
-0.180000 0.200000 0.000000
-0.140000 -0.110000 -0.030000
-0.000000 -0.110000 -0.030000
0.080000 -0.120000 0.000000
-0.800000 -0.090000 -0.650000
1.009999 0.300000 0.180000
-0.390000 0.310000 0.010000
0.000000 0.100000 -1.859999
-1.849999 1.429999 0.000000
0.580000 0.000000 0.400000
0.000000 -0.410000 -1.079999
0.000000 0.000000 0.000000
0.000000 0.000000 0.000000
0.000000 0.000000 0.000000
1.130000 -0.180000 0.290000
-0.980000 0.000000 0.000000
-0.180000 0.000000 0.000000
0.400000 0.070000 -0.350000
-0.999999 0.000000 0.000000
0.520000 0.000000 0.240000
-1.229999 -2.933188 0.000000
0.000000 -6.499996 0.000000


0 1 0 3 0 0.000000 1.000000
0.000000 0.000000 0.000000
-0.100000 0.200000 0.000000
-0.140000 -0.110000 -0.030000
0.000000 -0.110000 -0.030000
0.080000 -0.120000 0.000000
-0.800000 -0.090000 -0.650000
1.009999 0.300000 0.180000
-0.390000 0.310000 0.010000
0.000000 0.100000 -1.859999
-1.849999 1.429999 0.000000
0.260000 -0.770000 0.520000
0.000000 -0.410000 -1.789999
0.000000 0.000000 0.000000
0.000000 0.000000 0.000000
0.000000 0.000000 0.000000
1.130000 -0.180000 0.290000
-1.330000 0.000000 0.000000
0.180000 0.000000 0.000000
0.490000 0.070000 -0.450000
-1.189999 0.000000 0.000000
0.610000 -0.010000 0.090000
-1.229999 -2.933188 2.639998
0.000000 -11.500008 0.000000


0 1 0 5 0 0.000000 1.000000
0.000000 0.000000 0.000000
-0.100000 0.200000 0.000000
-0.140000 -0.110000 -0.030000
0.000000 -0.110000 -0.030000
0.080000 -0.120000 0.000000
-1.249999 0.000000 -0.350000
1.009999 0.300000 0.180000
-0.390000 0.310000 0.010000
0.000000 0.100000 0.000000
0.000000 0.000000 0.000000
0.260000 -0.770000 0.520000
0.000000 -0.410000 -1.789999
0.000000 0.000000 0.000000
0.000000 0.000000 0.000000
0.000000 0.000000 0.000000
1.130000 -0.180000 0.290000
-1.330000 0.000000 0.000000
0.180000 0.000000 0.000000
0.490000 0.070000 -0.450000
-1.189999 0.000000 0.000000
0.610000 -0.010000 0.090000
-1.579999 0.000000 0.000000
0.000000 -11.500008 0.000000


0 1 0 5 0 0.000000 1.000000
0.000000 0.000000 0.000000
-0.100000 0.200000 0.000000
-0.140000 -0.110000 -0.030000
0.000000 -0.110000 -0.030000
0.080000 -0.120000 0.000000
-1.249999 0.000000 -0.350000
1.009999 0.300000 0.180000
-0.390000 0.310000 0.010000
0.000000 0.100000 0.000000
0.000000 0.000000 0.000000
0.260000 -0.770000 0.520000
0.000000 -0.410000 -1.789999
0.000000 0.000000 0.000000
0.000000 0.000000 0.000000
0.000000 0.000000 0.000000
1.130000 -0.180000 0.290000
-1.330000 0.000000 0.000000
0.180000 0.000000 0.000000
0.490000 0.070000 -0.450000
-1.189999 0.000000 0.000000
0.610000 -0.010000 0.090000
-1.579999 0.000000 0.000000
0.000000 -11.500008 0.000000


9 16 18 -1 -1 10 20 25 300 30.000000
0 1 0 15 0 0.300000 1.000000
0.000000 0.000000 0.000000
-0.220000 0.000000 0.000000
-0.150000 0.000000 0.000000
-0.310000 0.000000 -0.050000
0.590000 0.000000 0.000000
-0.180000 0.000000 -0.650000
0.540000 0.300000 0.180000
-0.130000 0.310000 0.010000
0.000000 0.100000 0.000000
0.000000 0.000000 0.000000
1.049999 0.000000 0.520000
0.000000 0.000000 -0.550000
0.000000 0.000000 -0.240000
0.000000 0.000000 0.000000
0.000000 0.000000 0.000000
0.830000 -0.130000 0.220000
-1.779998 0.140000 0.000000
0.600000 0.000000 -0.050000
1.509999 0.250000 -0.080000
-1.639999 -0.060000 -0.090000
0.300000 0.000000 0.320000
-1.579999 0.000000 0.000000
0.000000 -15.900024 0.000000


0 1 0 8 2 0.000000 0.060000
0.000000 1.800000 5.099998
-0.530000 0.000000 0.000000
0.010000 0.000000 0.000000
0.160000 0.010000 0.000000
0.100000 0.000000 0.000000
-0.380000 0.650000 -0.690000
0.000000 0.050000 0.160000
-0.130000 0.250000 0.010000
0.000000 0.000000 0.000000
0.000000 0.000000 0.000000
-0.190000 -0.250000 0.690000
0.640000 0.210000 0.000000
0.140000 0.000000 -0.235000
0.000000 0.000000 0.000000
0.000000 0.000000 0.000000
1.519999 -0.060000 0.100000
-2.099999 0.000000 0.000000
0.370000 0.000000 0.000000
-0.200000 0.160000 -0.060000
-0.180000 0.000000 0.000000
-0.510000 0.000000 0.000000
-1.579999 0.000000 0.000000
0.000000 -10.900005 0.000000
11
0


0 0 0 10 1 -0.000000 0.060000
0.000000 0.000000 -0.000000
-0.530000 0.000000 0.000000
0.010000 0.000000 0.000000
0.160000 0.010000 0.000000
0.100000 0.000000 0.000000
-0.380000 0.650000 -0.690000
0.000000 0.050000 0.160000
-0.130000 0.250000 0.010000
0.000000 0.000000 0.000000
0.000000 0.000000 0.000000
-0.190000 -0.250000 0.690000
0.640000 0.210000 0.000000
0.140000 0.000000 -0.235000
0.000000 0.000000 0.000000
0.000000 0.000000 0.000000
1.519999 -0.060000 0.100000
-2.099999 0.000000 0.000000
0.370000 0.000000 0.000000
-0.200000 0.160000 -0.060000
-0.180000 0.000000 0.000000
-0.510000 0.000000 0.000000
-1.579999 0.000000 0.000000
0.000000 -10.900005 0.000000
11


0 0 0 30 1 -0.000000 0.060000
0.000000 0.000000 -0.000000
-0.430000 0.000000 0.000000
0.200000 0.000000 0.000000
0.450000 0.010000 0.000000
-0.490000 0.000000 0.000000
2.219998 0.530000 0.509999
0.350000 0.230000 0.580000
-0.130000 0.250000 -0.730000
0.000000 0.000000 0.000000
0.000000 0.000000 0.000000
1.634999 -0.125000 -0.065000
0.720000 0.210000 -0.130000
0.140000 0.000000 -0.235000
0.000000 0.000000 0.000000
0.000000 0.000000 0.000000
1.699999 -0.060000 0.100000
-2.459999 0.000000 0.000000
0.370000 0.000000 0.000000
-0.280000 0.160000 -0.060000
-0.180000 0.000000 0.000000
-0.510000 0.000000 0.000000
-1.589999 0.000000 0.000000
0.000000 -10.900005 0.000000
11


0 0 0 5 1 0.000000 0.060000
0.000000 0.000000 -0.000000
-0.380000 0.000000 0.000000
0.200000 0.000000 0.000000
0.450000 0.010000 0.000000
-0.490000 0.000000 0.000000
2.219998 0.530000 0.509999
0.350000 0.230000 0.580000
-0.130000 0.250000 -0.730000
0.000000 0.000000 0.000000
0.000000 0.000000 0.000000
1.634999 -0.125000 -0.065000
0.720000 0.210000 -0.130000
0.140000 0.000000 -0.235000
0.000000 0.000000 0.000000
0.000000 0.000000 0.000000
1.699999 -0.060000 0.100000
-2.459999 0.000000 0.000000
0.370000 0.000000 0.000000
-0.280000 0.160000 -0.060000
-0.180000 0.000000 0.000000
-0.510000 0.000000 0.000000
-1.589999 0.000000 0.000000
0.000000 -10.900005 0.000000
11


1 1 0 8 1 -0.000000 0.260000
0.000000 0.500000 -0.000000
0.010000 0.000000 0.000000
-0.170000 0.000000 0.000000
-0.450000 0.000000 0.000000
-0.370000 0.000000 0.000000
1.249999 0.400000 0.430000
0.000000 0.000000 0.290000
-1.169999 0.000000 0.000000
0.000000 0.260000 0.000000
0.000000 0.000000 0.000000
1.164999 -0.125000 0.165000
0.630000 0.000000 -1.149999
0.140000 0.670000 -0.575000
0.000000 0.000000 0.000000
0.000000 0.000000 0.000000
1.299999 -0.690000 0.100000
-0.280000 0.000000 0.000000
0.370000 0.000000 0.000000
1.299999 0.690000 -0.100000
-0.280000 0.000000 0.000000
-0.510000 0.000000 0.000000
-1.769999 0.000000 0.000000
0.000000 7.299995 0.000000
11
1 20 6 0 19
60.099655 1.009999


0 0 0 20 1 0.000000 0.260000
0.000000 0.000000 -0.000000
-0.140000 0.000000 0.000000
-0.170000 0.000000 0.000000
-0.450000 0.000000 0.000000
-0.370000 0.000000 0.000000
1.249999 0.400000 0.430000
0.000000 0.000000 0.290000
-1.169999 0.000000 0.000000
0.000000 0.260000 0.000000
0.000000 0.000000 0.000000
1.164999 -0.125000 0.165000
0.630000 0.000000 -1.149999
0.140000 0.670000 -0.575000
0.000000 0.000000 0.000000
0.000000 0.000000 0.000000
1.449999 -0.690000 0.100000
-0.280000 0.000000 0.000000
0.370000 0.000000 0.000000
1.449999 0.690000 -0.100000
-0.280000 0.000000 0.000000
-0.510000 0.000000 0.000000
-1.769999 0.000000 0.000000
0.000000 7.299995 0.000000
11


1 0 0 3 0 1.009999 1.009999
0.000000 0.000000 -0.000000
-0.140000 0.000000 0.000000
-0.170000 0.000000 0.000000
-0.450000 0.000000 0.000000
0.630000 0.000000 0.000000
1.249999 0.400000 0.430000
0.000000 0.000000 0.290000
-0.480000 0.000000 0.000000
0.000000 0.260000 0.000000
0.000000 0.000000 0.000000
1.164999 -0.125000 0.165000
0.630000 0.000000 -1.149999
0.140000 0.670000 -0.575000
0.000000 0.000000 0.000000
0.000000 0.000000 0.000000
1.969999 -0.460000 0.100000
-2.529998 0.000000 0.370000
0.370000 0.210000 -0.120000
1.969999 0.460000 -0.100000
-2.529998 -0.000000 -0.370000
0.370000 -0.210000 0.120000
-1.639999 0.000000 0.000000
0.000000 -27.100067 0.000000
0 0 0 0 0
0.000000 0.000000


1 0 0 25 0 1.009999 1.009999
0.000000 0.000000 -0.000000
-0.140000 0.000000 0.000000
-0.170000 0.000000 0.000000
-0.450000 0.000000 0.000000
0.630000 0.000000 0.000000
1.249999 0.400000 0.430000
0.000000 0.000000 0.290000
-0.480000 0.000000 0.000000
0.000000 0.260000 0.000000
0.000000 0.000000 0.000000
1.164999 -0.125000 0.165000
0.630000 0.000000 -1.149999
0.140000 0.670000 -0.575000
0.000000 0.000000 0.000000
0.000000 0.000000 0.000000
1.969999 -0.460000 0.100000
-2.529998 0.000000 0.370000
0.370000 0.210000 -0.120000
1.969999 0.460000 -0.100000
-2.529998 -0.000000 -0.370000
0.370000 -0.210000 0.120000
-1.639999 0.000000 0.000000
0.000000 -27.100067 0.000000
0 0 0 0 0
0.000000 0.000000


2 16 3 15 16 25 30 60 300 90.000000
0 0 0 3 0 1.009999 1.009999
0.000000 0.000000 -0.000000
-0.140000 0.000000 0.000000
-0.170000 0.000000 0.000000
-0.450000 0.000000 0.000000
0.630000 0.000000 0.000000
1.249999 0.400000 0.430000
0.000000 0.000000 0.290000
-0.480000 0.000000 0.000000
0.000000 0.260000 0.000000
0.000000 0.000000 0.000000
1.164999 -0.125000 0.165000
0.630000 0.000000 -1.149999
0.140000 0.670000 -0.575000
0.000000 0.000000 0.000000
0.000000 0.000000 0.000000
1.969999 -0.460000 0.100000
-2.529998 0.000000 0.370000
0.370000 0.210000 -0.120000
1.969999 0.460000 -0.100000
-2.529998 -0.000000 -0.370000
0.370000 -0.210000 0.120000
-1.639999 0.000000 0.000000
0.000000 -27.100067 0.000000


0 0 0 25 0 1.009999 1.009999
0.000000 0.000000 -0.000000
-0.140000 0.000000 0.000000
-0.170000 0.000000 0.000000
-0.450000 0.000000 0.000000
0.630000 0.000000 0.000000
1.249999 0.400000 0.430000
0.000000 0.000000 0.290000
-0.480000 0.000000 0.000000
0.000000 0.260000 0.000000
0.000000 0.000000 0.000000
1.164999 -0.125000 0.165000
0.630000 0.000000 -1.149999
0.140000 0.670000 -0.575000
0.000000 0.000000 0.000000
0.000000 0.000000 0.000000
1.969999 -0.460000 0.100000
-2.529998 0.000000 0.370000
0.370000 0.210000 -0.120000
1.969999 0.460000 -0.100000
-2.529998 -0.000000 -0.370000
0.370000 -0.210000 0.120000
-1.639999 0.000000 0.000000
0.000000 -27.100067 0.000000


