21
0.000000 50.000000 0.000000 -1
0.000000 0.000000 0.000000 0
0.000000 6.000000 0.000000 1
0.000000 13.000000 0.000000 2
-7.500000 10.000000 0.000000 2
0.000000 -12.000000 0.000000 4
0.000000 -13.000000 0.000000 5
0.000000 -4.000000 0.000000 6
0.000000 -0.500000 -3.000000 6
7.500000 10.000000 0.000000 2
0.000000 -12.000000 0.000000 9
0.000000 -13.000000 0.000000 10
0.000000 -4.000000 0.000000 11
0.000000 -0.500000 -3.000000 11
3.000000 -8.000000 0.000000 0
0.000000 -17.000000 0.000000 14
0.000000 -17.000000 0.000000 15
-3.000000 -8.000000 0.000000 0
0.000000 -17.000000 0.000000 17
0.000000 -17.000000 0.000000 18
2.000000 2.000000 0.000000 7
