21
0.000000 42.500000 0.000000 -1
0.000000 0.000000 0.000000 0
0.000000 12.500000 0.000000 1
0.000000 12.500000 0.000000 2
-13.000000 4.000000 0.000000 2
0.000000 -10.000000 0.000000 4
0.000000 -10.000000 0.000000 5
0.000000 0.000000 0.000000 6
-30.500000 -0.500000 0.000000 6
13.000000 4.000000 0.000000 2
0.000000 -10.000000 0.000000 9
0.000000 -10.000000 0.000000 10
40.500000 -4.000000 0.000000 11
35.500000 -0.500000 -3.000000 11
6.000000 -8.000000 0.000000 0
0.000000 -11.500000 0.000000 14
0.000000 -15.000000 0.000000 15
-6.000000 -8.000000 0.000000 0
0.000000 -11.500000 0.000000 17
0.000000 -15.000000 0.000000 18
0.000000 0.000000 0.000000 7
